1221
5617
13335
33491
33651
37100
101
137
237
271
286
293
376
553
557
559
680
766
1103
1136
1241
1653
1741
1853
1916
2110
2381
2495
2518
2572
2614
3265
3267
3292
3663
3754
4007
4181
4538
4608
4764
4777
5050
5078
5408
5539
5607
6057
6736
7016
7342
7438
7575
7642
7660
7725
7782
7850
7896
8111
8280
8315
8426
8560
8893
9370
9371
9443
9541
10021
10881
10886
11164
11242
11260
11351
11426
11427
11537
11556
11714
12271
12306
12387
12414
12570
12637
12687
13041
13367
13830
14041
14263
14282
14325
14860
14877
15169
15296
15576
15605
15699
15706
15954
16010
16814
19782
20001
20080
20214
20562
20928
20940
21508
21700
21976
22258
22356
22742
22909
23674
23688
23764
23944
24572
24785
25460
25472
25818
26677
26806
27446
27750
27839
28000
28022
28126
28130
28140
28145
28169
28171
28186
28263
28283
28294
28634
28666
29465
29611
29695
30985
31214
32934
33189
33287
33363
33489
33588
33652
33654
33657
33659
33660
33661
33662
33666
33668
33763
34347
34428
34968
35297
36374
36944
37119
37125
37271
37282
37457
37697
37721
38022
38712
38740
38794
39040
41495
41692
42337
42473
42861
43404
43541
43754
44530
44684
45437
45474
47147
48284
48362
48571
48918
50265
50300
52694
52771
52866
52871
52873
52980
52999
53047
53152
53167
53181
55805
56911
57187
57578
57630
58299
59105
59414
60011
60501
61449
61468
61588
61595
61785
62206
62532
63526
63927
63961
134146
136168
203201
204680
205322
262300
262427
262493
262494
262760
262880
262907
262988
263047
263129
263327
263444
263462
263495
263616
263661
263959
264293
264479
264509
264552
265066
265198
265347
265662
265684
265950
266013
266136
266167
266388
266413
266448
266525
266968
267460
267562
328594
328748
1403
2602
3333
4323
5503
8265
9484
12926
14061
14361
14525
15692
16094
16796
20857
24592
24725
25376
26134
26619
27903
28001
28005
28154
28264
29422
30848
31472
31742
32931
33655
33823
34225
35457
36678
36915
37645
37670
39651
41018
44244
47481
47638
48292
48294
49375
50520
51859
52245
52428
52604
53061
53135
53236
55391
55392
56246
59766
61583
61802
61888
61895
61951
62166
63932
64213
133800
133815
137080
138482
140443
197580
198090
200370
202365
262293
262492
262565
262720
262896
263032
263057
263929
264244
264513
264750
265093
265919
266044
267113
267408
268638
269104
269194
269661
271915
327687
327700
328073
328271
396450
