33796
12810
198668
8717
3597
207375
16
60943
38930
44558
48661
41494
30741
49688
20504
196638
17439
31775
20001
203296
212003
58404
206375
203817
36905
20523
56876
15404
131627
7727
49711
6703
50226
44084
209974
28728
12346
30782
30784
209987
34372
60999
62024
49223
6224
49745
61010
33363
33876
42580
1109
11351
28753
63056
41562
15450
15964
20057
1111
21599
211552
15457
46690
17506
31841
197732
198239
29286
104
59497
4713
60011
56427
197738
39534
27750
60016
50289
15987
12406
18041
199289
48252
57469
44158
12414
47232
59521
18049
199811
201860
47237
8323
60039
328840
29321
12423
39563
12426
23181
200845
24757
4755
7828
49815
39063
205976
39578
62105
3223
204957
211101
212127
28831
8865
11426
11427
42148
679
199339
6829
60590
4787
28851
134325
137909
27831
206008
45235
8887
42682
212149
395965
50873
202940
12990
41153
200386
21699
33988
1221
15556
51399
207044
58057
37577
200906
134858
60111
16083
9430
7385
47834
17625
6877
205535
1759
41696
208098
27364
35046
18663
51436
3308
14065
3314
24309
56566
13046
43260
3329
39686
203020
396045
30990
47889
8466
5398
59162
208666
207645
8991
5408
9506
207651
13092
12579
292
4901
62759
47394
34093
206637
12591
60720
198452
199484
35132
211772
52029
15683
132420
48453
8517
197444
22342
42313
12618
197451
62276
24399
63834
133982
42334
36194
60776
62313
202090
211307
40809
60781
206703
205684
63351
203641
378
1403
25467
199551
202625
13188
30600
27017
201367
43915
5516
58765
5518
1930
20880
34705
209810
10131
917
1942
49560
923
61344
23969
40864
5539
197540
12709
53667
47527
42919
31143
60330
14754
35244
29100
50599
16300
1205
198060
200114
1967
34743
34232
208315
36290
17858
6597
44486
212934
5576
56515
57294
11215
51664
52177
2514
204754
61399
45528
58328
2519
199128
206813
8670
51167
18399
44002
51175
42473
41451
208877
61424
18419
18420
63479
60409
12796
39421
131583
50550
50247
11492
44384
42306
8240
12570
47787
206314
47727
59554
49102
200031
6871
31252
35505
197155
9050
11708
2614
29580
50266
30036
54133
8916
197288
203937
13335
199103
62081
29396
13489
1239
12735
9145
205679
197448
203556
138562
21334
2613
15038
43557
57044
41046
57456
13110
48971
42668
35328
196957
62206
15440
32437
204332
51132
49478
42812
43414
60767
3330
63297
47377
205813
31148
3326
199244
60068
39791
49788
44539
9070
35263
30764
21211
57049
47196
2611
45011
23118
197588
200030
24848
41303
47169
9471
41710
8764
1659
50158
196735
51500
6866
204619
49824
6306
14828
12768
51035
34123
51744
6849
24768
50867
42159
29405
28760
131668
-1337
29050
42669
39375
35237
29484
12329
25291
35224
8821
25248
131322
136168
47242
21056
12722
44365
43171
200862
41313
34602
62099
29108
12697
34605
48327
31564
200155
57734
12773
42093
31514
200161
19750
30962
41692
41009
46309
29287
395152
14007
204059
6696
204035
39138
3262
8326
31242
200050
29152
12508
43848
25455
29086
8778
47132
16302
48659
1680
196745
50448
13178
49675
35833
1886
15626
8455
49813
202583
8890
395400
50919
36868
206548
34660
20910
51265
206454
50231
20911
208627
56655
39636
207156
17948
34867
9002
2914
12480
4637
3257
6799
12713
39392
6461
42908
43366
204064
2860
50877
33915
206238
201654
197019
14041
7843
29624
2200
15401
38158
27747
34659
6730
35432
8426
24785
31510
35320
35567
9146
5391
202632
8245
3292
39399
18403
28979
21320
20965
24724
46353
1136
200736
60280
8823
43566
9121
3367
24739
203043
559
5394
40676
13977
3462
2852
63927
33932
12488
50620
9031
24971
37680
12392
15958
56534
49505
12886
8641
43709
198385
39642
28785
52000
200350
36352
206774
8220
29518
209045
46416
29124
12714
8251
29208
8788
7473
28725
49367
12353
34569
61157
30083
196844
8926
12923
16097
40788
16342
39835
8758
15594
25956
28683
46887
212865
50543
141371
49544
-134
29655
34606
12779
8422
44141
4800
293
31246
44066
8767
15085
8262
5578
38182
61189
3327
43541
2107
8047
19523
42730
9299
40029
16316
4780
34683
11260
204151
41327
13490
49402
39555
198930
3758
41275
34347
19009
43350
6364
44222
57728
17117
30950
47147
48276
5631
4181
134707
1853
21040
212047
10143
553
40497
8445
33576
8362
39257
8151
31034
11317
54594
50324
20849
8301
197889
12301
44489
8501
50544
48438
12808
24723
2108
42000
63949
199837
208905
53907
21385
200044
12333
766
60587
42622
41843
15817
199544
3399
42675
200043
12312
25521
41733
47217
32329
203698
48558
35000
57344
35661
12605
23352
15796
55785
50628
23951
4922
198570
21430
198415
20676
34757
394972
35061
50629
41164
38040
396969
29555
10098
9293
61094
39608
42156
8820
51570
44788
209137
29413
6821
39494
3221
8346
1955
12883
131995
42695
37721
29169
55943
52039
28716
35574
20895
7106
41095
29114
1836
205678
53610
31673
51685
54632
6898
62371
1213
12008
62513
57695
13101
141235
24961
5459
34471
8515
15516
31115
50926
14615
9049
11232
41039
34788
31317
12676
34959
52207
398700
3786
16095
37693
42676
43205
12963
34224
36692
13307
2500
21309
9211
20686
15955
45758
40098
34156
196819
8271
60169
51088
199846
206610
17709
60822
19016
6407
198507
30640
35271
29680
205206
200561
205891
50661
