3356
1299
174
2914
6939
3257
6453
6461
3491
5511
9002
1273
12956
4637
1239
3320
6830
7018
701
7922
4826
8220
209
3549
1221
7843
3303
28329
32787
13335
12741
37100
2497
3326
20473
20115
22927
2764
60068
8708
38195
35320
8218
10796
5617
702
4800
852
4761
3215
2828
199995
7015
13649
2119
33651
52361
9808
41327
15694
8866
4713
33287
11427
4648
3292
33657
4787
50629
6079
4764
20001
9009
47605
6768
28343
57866
7016
49063
3301
55850
28186
3352
15576
12963
12479
34549
2711
8764
33363
31242
11351
31287
703
19114
33668
3561
44592
4780
7725
8767
38731
12779
40676
19009
12025
15290
33652
17451
8308
25291
33650
1759
13876
44600
25899
29465
15895
4515
4750
719
42708
29396
53667
41313
47232
16086
13977
45458
45177
49800
39686
5518
3399
33662
21413
5580
4181
3249
12301
11492
10753
21508
7459
8560
25369
19905
1136
51088
136168
12271
25229
20207
24875
9924
5610
12586
12831
10834
37148
25956
3262
24400
25400
28725
29169
35346
14041
33659
10143
4922
28220
42739
43668
135391
1241
6661
6325
60330
12213
16246
1653
38182
28145
56655
22909
680
3737
6799
5408
29884
25394
35432
42831
327693
39326
39351
14282
263558
37273
32703
15935
15964
45204
20676
11776
21826
22925
25248
6846
33915
24835
6866
29518
3342
54825
19930
38758
12179
46849
12337
53587
12687
63961
63927
8001
23686
29467
9125
8758
40948
12778
138322
20214
6758
7311
62240
8468
25645
23314
43139
265061
27843
25512
25003
45437
12570
14244
37084
34867
44684
53356
39180
553
40065
1103
6848
48918
51048
17828
262288
31898
18809
36352
15744
8194
11830
137443
11992
26827
30029
8585
25577
34056
31195
41820
13127
60610
57630
39122
49102
8697
55805
13101
5078
19855
8283
26592
29551
57717
22561
6568
15133
10021
61317
18013
37035
9136
12611
132585
16553
58269
2852
33661
2611
52000
15943
3308
17645
15108
32133
6300
43561
42652
24971
53610
18712
8544
205185
8280
9341
15589
265022
43576
6147
46562
39642
17477
16504
21782
18683
27882
20811
29470
30688
36103
39010
6702
52630
5404
44889
205209
15169
8426
6821
17547
20928
52308
35047
35847
23248
263616
52688
58392
11403
8365
3676
6130
53292
22302
20904
8053
48964
20850
27566
9394
33588
7046
10674
8376
8445
27258
21453
7784
30860
63023
15685
51559
14717
49628
17727
55701
50360
53407
2495
29492
43022
135269
7539
25160
20278
53486
54240
197451
39791
395567
26210
61582
207187
141626
42184
8240
266284
267699
49183
56391
266142
136897
12684
5742
13693
11976
28685
139076
13333
19653
25540
41960
6315
11269
29091
60144
262659
22442
262632
57795
262808
41421
26878
262417
28886
24521
136308
37447
63213
1741
6059
13213
15085
22351
53340
1835
36493
34700
33874
29863
8990
15805
21430
12360
133115
6893
28773
43541
44682
23671
50020
56046
6306
7522
2688
35986
14615
20960
10204
20712
327814
58321
40702
24651
135025
13000
28952
14007
27953
39702
17018
41435
52657
25460
41967
33983
50877
35614
8075
9443
4760
6389
4913
41564
134548
137969
1930
4785
35575
7602
46475
20686
19092
8681
22299
35132
29649
8728
23158
266961
51043
8002
11178
205112
31595
35332
2731
33951
27195
202425
42673
23486
16066
396300
52721
30340
8103
61642
17623
5006
54600
6876
135330
2386
46261
197155
14315
31148
64275
12989
13868
20875
8025
7057
41364
397142
19844
62523
22324
16245
5555
8893
12033
28022
21777
12089
50300
1421
17293
9241
5538
44092
12941
18943
135060
54133
20413
13307
24183
45355
48919
53153
52999
262725
58055
197099
42705
137109
26110
61712
397270
131735
42352
50392
12322
139646
224
2665
4771
30110
11696
34820
138915
43557
15024
2830
19422
12145
8542
40237
10029
10299
262509
1547
51561
2707
9150
14371
35467
10594
52716
8301
19257
25660
19021
53224
23175
5504
197898
42160
58369
42396
9999
40128
51219
59139
18024
200023
23949
49743
47638
62068
264200
38524
52843
44894
52587
59278
41360
8375
24444
1213
2
28024
27405
51430
46093
16524
12119
53106
27759
39886
8387
31343
40545
30740
8522
7468
26068
37182
26375
51551
21310
47883
262318
22413
49605
12496
6233
49125
21737
202441
40393
328198
15605
17993
263778
30836
35592
200899
35826
11924
63186
60404
32890
9484
42541
36920
59577
44381
50670
29611
43192
198479
15042
13208
42845
53167
39816
327724
262854
27976
60793
62129
266809
59497
54434
17143
394883
61337
35004
141056
62013
39904
268866
25143
267749
198709
36253
58221
203459
141073
8190
9264
18209
13037
14551
203020
51167
12392
1403
15659
46573
30404
23487
12414
36315
5760
13193
5377
15377
16942
21922
16223
33616
25424
6782
16863
7332
14576
41354
14543
7908
18474
6428
8823
57112
393442
21211
35434
206283
31798
18618
20255
13126
6405
11994
47902
31608
15366
17253
28502
45780
50231
40328
14430
59890
3254
48284
48438
21981
54579
132556
266702
30886
22070
63457
59711
60893
24523
327849
18196
394256
203759
18885
42425
6994
24233
36436
196983
34265
264811
29844
52571
16391
48847
140867
139952
44628
264685
40994
14773
55567
61929
263035
265278
266371
52870
266013
39310
17884
203828
39288
139972
22002
28858
14618
36905
21928
17816
2510
10013
3265
41164
24547
24413
132525
30444
36914
9676
26854
34878
29286
6724
12
3685
1341
20412
204957
36692
54103
41937
40285
2602
25853
45187
6364
7743
24679
327700
393451
12208
21267
14434
22898
51978
49588
13122
39184
49572
16700
4776
8816
16491
22926
327795
7250
29930
6735
33152
27501
10692
11847
13776
5532
11287
16117
26271
43646
15389
12519
9738
18616
25384
393227
394453
31510
60806
42303
34660
7055
57084
19830
29600
16717
19605
8265
53080
59766
34555
11240
16030
33788
199284
48500
25521
42331
4261
19528
30892
18015
33164
29007
60860
22438
395839
30640
32354
25473
30165
31472
24229
16906
47116
62352
41165
48822
41966
4574
29713
37381
50767
49375
59659
19170
199775
198090
31556
21305
396422
51929
33392
266388
13994
52651
20545
49528
262558
25932
60880
57944
203980
48956
34554
15544
28124
207054
47273
38800
267106
262687
8798
28849
31950
202050
33635
267463
328303
197535
141968
131746
394868
42295
60255
209046
29382
265215
57049
134630
34190
61719
266039
5582
203447
8258
56388
262657
48693
204060
206907
263242
43056
25002
132746
136654
39928
60777
6704
202969
138890
212695
33097
6167
4589
19182
20057
1101
37002
131445
9674
10695
18126
5619
29256
46606
63949
56047
64200
9919
7671
24086
138297
18081
797
37611
22056
8448
3527
200994
43894
18182
12929
133481
8737
22423
2048
134810
32982
22552
40831
3778
4686
3734
2906
57269
6099
11215
39855
34
35908
135373
16519
1982
3573
10439
21599
23316
8462
25921
395461
21570
6984
58429
58428
55256
131921
40564
7727
24586
11650
38819
16125
30676
13886
18268
48031
11481
34606
49220
11816
199578
204274
30083
62183
35191
22363
15782
13614
48854
12620
138886
22457
57858
54936
20257
23118
12399
8829
9326
266058
30612
17025
41911
1248
49532
53488
21230
12282
16095
11486
61275
41549
34295
9205
25500
37353
34263
41678
19504
29413
17958
46449
36728
46273
9466
27506
43905
204151
263783
11191
34758
44709
5631
60142
26292
15806
48282
37090
23888
6127
14858
18624
19323
393713
29050
34359
45727
202120
46957
11233
54607
4307
11910
33606
18632
32869
62809
18563
25250
197706
33725
6498
395597
39287
5564
10423
17035
206238
21803
42455
38611
30221
14709
132641
16582
3208
21837
20303
44124
25914
393892
396097
133815
13555
13943
132768
52116
11115
30549
47171
55044
50572
57033
35033
15326
196954
208951
30264
262928
395379
31143
206347
20539
39822
7664
17910
30766
35617
49984
42318
53741
22006
12315
62728
58212
39761
32278
24525
42830
393436
28187
35361
27006
55792
14140
62160
30162
59455
7314
394492
47513
28757
37395
28140
41710
29071
39431
201843
32614
197558
39964
17988
5379
44302
14901
396168
49409
201502
57800
35891
53165
31763
29900
394497
53114
19806
54328
207198
32220
35665
7754
47095
39823
33623
35046
30462
30072
327791
393731
7420
206892
17210
63932
63107
49974
25061
59989
1886
14832
132405
47748
27631
38201
15142
57213
8535
56709
202089
8192
52195
1410
204035
24195
5577
57773
131893
36715
204064
393275
133527
54301
15450
396123
29888
208877
12154
201601
17794
28999
45411
394869
24496
196640
14735
327924
262168
51399
56430
46491
13351
34686
16344
50554
34312
205813
41305
197035
43019
266792
50023
48243
16190
46860
56835
63873
263090
28340
200799
198935
35067
58022
7194
56322
52180
57846
263543
59492
60815
64297
201323
56386
53536
133734
18531
268757
43067
47949
266299
56932
141519
56610
141892
264285
266477
268538
34844
198611
271063
262570
58553
140504
209240
140120
202211
269092
39455
198227
204889
63945
34204
201122
136880
265999
138112
62259
22958
204121
198356
31633
197502
134643
328482
131749
35144
134903
40983
142373
399078
139419
267790
141083
141049
12986
16825
50211
132486
44495
42786
47919
200081
22799
16609
32732
394895
4152
1761
9605
10455
22394
6871
17421
18566
72
7792
158
46690
808
44034
14654
8987
20978
15480
2379
31822
7726
2897
19773
3598
133414
206067
12876
7011
24158
25441
47524
3766
4782
19957
135887
11315
24164
135629
38019
239
3602
8803
13445
22616
26810
11489
10838
18049
18
5778
21286
43939
47610
299
292
206509
29247
6527
6192
10846
26577
54614
14
10199
25
225
1999
22390
1128
1124
7514
17184
15670
45
200350
11398
15879
7065
12079
19397
10921
25620
203999
792
10599
48037
3614
14398
15404
27274
8362
23162
14381
50
3512
1729
196
41701
16623
29
22093
5739
11955
35041
14017
10384
10273
8217
32480
3794
132321
6966
1926
42003
27668
25176
7160
21565
33885
197540
6157
56329
2939
16074
14905
27738
20252
18494
40021
9916
21221
6834
13998
29946
27411
46687
4528
62336
7091
2594
34296
28270
41076
15585
3363
7511
11711
22216
62642
8248
42517
41935
11030
15582
5696
202116
28686
29601
4605
9509
3661
5080
9142
22968
22709
55577
23781
802
13433
11700
11706
34108
17402
200656
15675
8771
4046
25996
17166
5520
14921
11993
11809
1204
2841
13684
18666
16920
395421
2843
31246
7054
327697
2701
32666
10823
20452
19247
31967
8762
2833
21704
9889
9431
4385
13513
5071
15173
3671
29885
46483
25631
11482
5470
38305
22845
9489
19380
7973
26367
37661
26818
33434
11659
7417
43857
10014
30051
11257
15119
14235
42165
20012
15295
13429
7202
22910
11205
14981
98
17147
17866
30641
15991
2705
131919
3551
15141
21899
33194
13940
21331
8278
22315
47616
395399
31848
14373
15243
15496
1133
11214
14737
3323
2546
40503
13759
2547
6921
40244
201341
131918
6075
48945
3949
48101
16966
204601
62044
13243
4677
27553
3833
11452
202596
262732
19148
20077
197524
9621
29866
395127
16527
11808
38845
13091
35470
6640
42925
33749
8983
18429
43529
6949
38444
41012
4723
135478
6740
32806
10003
22887
39550
16229
17225
7676
395111
327750
16495
46269
26133
25374
17049
39507
33647
22985
54179
28288
53813
18862
33796
396253
131178
9444
10126
11419
8818
51784
27419
201011
203953
43915
30838
6256
14209
19201
12651
36413
41046
328297
25596
34705
37215
6744
4466
39970
31423
26932
393856
51852
19751
203424
27288
8092
52232
33139
31775
197637
14928
15153
35843
393581
15683
395075
48544
7540
36445
62957
25222
21040
53768
12257
3379
10361
29505
9922
63182
40861
28854
15517
16617
15081
12133
11606
29544
7871
35091
44981
46841
26724
8530
32654
36223
25844
14374
262272
54119
19254
24084
17929
7086
19635
22221
38172
11396
49765
17228
136994
17691
57370
29968
8273
26831
12187
26919
38742
10798
394449
18964
16503
16677
13728
7961
23481
21828
22684
16570
22647
19045
13911
35063
38482
22051
40410
47359
20477
14200
11620
30027
36426
21889
30598
51263
41110
28376
53259
10507
34001
23784
24881
9166
36007
42232
41589
34337
29852
34683
393886
25712
11693
15925
133159
44513
37634
18094
39948
197722
203476
28287
16823
41729
29914
2280
59349
30437
34622
19800
18111
14102
208988
10085
30193
20723
41356
51504
53959
11740
31875
16334
37541
12907
46930
12285
12054
32629
28378
18245
15130
22829
34502
29013
14750
33007
27650
35224
16628
11123
62738
22186
1819
57728
29321
49826
35506
62319
327907
11414
7352
205199
7359
200185
203223
23805
23808
2840
14755
1423
4015
198736
2727
7832
197897
21069
63997
14792
57794
22353
52307
21450
34743
21034
30923
21466
19058
54075
23953
6798
40866
62658
4549
46437
14212
200148
13306
19689
15614
57286
29512
57970
22136
19526
397246
11668
11597
32262
37110
14861
26202
47889
19084
7403
52495
41809
6253
48273
14971
19212
393737
43406
30119
33545
22768
202870
203591
30175
199478
11892
24750
11525
43967
198401
41627
26097
8934
47834
44702
31264
24800
16413
25415
30721
198668
204896
134589
56566
394977
39522
44629
46281
14626
39477
15415
395261
24395
18875
396028
48620
23657
8253
14277
32160
199653
9202
26269
58397
36998
61079
267765
40926
36037
14640
37675
35007
12052
40266
7068
19381
54058
25710
54363
205005
59895
42714
12483
40784
18108
140822
9127
40156
31782
262726
60111
4658
17064
270026
62969
26960
198381
1902
38495
44747
28305
29545
42968
22598
19738
397048
58424
19739
42697
52364
61510
210150
12935
15663
14554
207147
12384
50004
41340
14237
13628
11319
26864
262682
17107
29438
50661
25576
41458
395948
1415
62225
21541
44247
201476
44881
46342
200030
30614
395439
16574
196730
202276
26388
14991
13342
5758
11590
27597
38009
202228
42546
39279
56600
50857
25716
52268
60314
40479
21589
41006
9671
395795
26873
10031
10689
2824
53726
12942
14634
37203
200811
13534
40440
49419
198577
20392
18522
394717
10700
327798
15175
28134
198002
196829
46825
21577
21555
40383
21921
62579
29348
33943
14008
26949
11970
37341
63089
24639
13853
33986
55769
61053
10309
4473
39425
50186
9228
53989
54455
393796
198259
394972
26616
60016
137074
8883
210329
34841
56347
40230
25353
40091
36511
63483
46826
202282
43045
39449
44454
25505
19428
205019
39960
46023
27235
41436
42189
262992
40405
21902
12169
51151
57276
196865
50825
18703
6813
57960
33883
18723
38750
45325
40311
30043
26229
7786
39078
33313
41105
17394
16437
50889
45475
54934
199494
22765
201453
46853
46867
54040
23387
12903
28918
197296
30993
57791
327813
58411
40864
206314
33168
31984
22581
11589
36651
393349
52367
393467
29736
33166
11770
19627
20371
23381
198380
7456
7941
59675
9253
14203
13427
26088
52937
8856
26651
21779
49285
6879
16468
394740
40555
21271
29129
17212
16843
199283
21470
8720
53832
23639
28552
44010
133823
8694
19223
19982
17211
30147
42205
263744
327745
27740
60713
7138
8161
53586
8528
25780
35621
4282
62262
14365
138456
32264
11681
63353
57030
27948
11397
197039
397068
199669
33549
34393
135356
396106
32003
394446
26244
26311
201160
395761
31435
198394
39875
198335
133389
396125
60530
14726
62958
42914
46886
31404
198023
135223
34887
16733
201454
8549
15160
47038
29949
14161
24824
50746
57300
54448
48904
30481
26734
4986
55847
13070
207242
23955
202618
15121
41989
19935
209551
49767
48661
55616
13659
54036
25813
20264
46294
51121
34605
62516
53104
202243
202635
14368
394146
31198
15713
43364
33218
19512
32567
58264
48407
19648
396949
393759
43958
4179
48081
29902
35635
18467
49082
54241
28213
395301
50349
13524
46790
46883
19246
20018
40284
11167
15294
35988
49182
393684
30259
64225
31102
47570
394468
20523
22473
25845
24355
47066
203568
61890
262674
262338
21525
328350
47868
131929
262714
39065
198073
42669
51300
263033
33563
23251
16833
30753
24212
18181
25955
31869
8841
262520
3713
53266
264738
17199
51173
16954
27996
22711
63267
51546
36518
16816
33372
32022
36319
37031
263587
393408
44328
11560
52303
22316
54326
50752
11059
263636
18074
31998
13959
62592
22800
54417
30987
394225
54911
53127
27254
11381
14841
34917
198403
199652
36701
395209
197784
262447
49214
22706
56360
198991
22138
14690
42084
28251
23092
262709
13793
31593
22247
394472
40389
46452
54323
25305
11134
40526
197650
44549
8116
19435
10392
197107
26925
205827
26123
206702
19265
46318
33052
22040
40496
59931
8729
21757
396316
49787
203596
50130
134094
52173
52020
132566
50584
20334
394352
134715
19624
52650
37094
32158
29039
62550
202015
396990
37211
30350
43050
262489
13787
17207
39038
197690
39027
15364
58073
44741
38148
56990
199723
42402
42039
43656
44746
398378
11203
44482
16711
197648
198761
16525
36071
328106
395535
202384
201924
396292
397311
29400
393429
31843
40980
49229
49546
197879
28544
21744
328266
200735
55222
57626
206182
37157
52955
263565
60754
2728
328242
56767
12700
17381
25526
56575
40961
264404
199201
265855
37191
44664
35365
395681
396509
59642
61171
202125
22629
209620
26819
395559
203244
63962
17005
397293
57558
38919
55636
57077
264715
204073
198631
14106
15742
44466
22053
57307
15912
55142
395927
43012
47752
18892
328253
44187
15036
205501
49221
23828
24163
31000
327946
56624
202016
32773
31920
201105
19743
328514
200059
48747
17279
45237
27348
30396
53001
16887
21339
201990
23225
201094
35588
46347
50633
13926
393706
14487
397137
62724
263786
54183
61046
15810
32307
204317
30091
29436
47543
28318
63466
57256
14920
35038
265591
57768
393946
199346
15848
204272
133075
21646
197809
59444
197336
15038
50121
393780
263792
7809
63103
393591
10961
42390
264746
50171
55077
4565
53903
16436
25808
3166
21615
22984
393240
45641
62892
208925
48748
51769
199039
263763
14775
18214
27735
48966
11302
265776
25671
54707
41297
15111
397019
46576
395137
198081
14233
54509
20460
34065
57172
31957
40943
28419
20356
21993
395922
62744
204782
18153
211199
141681
262212
16028
50649
63304
201508
19460
263742
34002
263089
61941
263595
328323
328038
43399
199362
201548
27578
58088
50331
199075
12545
201847
207821
197615
202100
262834
62009
262367
26968
271791
43495
263022
33817
57718
25108
63501
46019
137311
48094
394381
197218
32713
11015
52493
263283
28408
7965
263219
3826
31003
14693
263563
24209
61354
37087
263981
28776
210258
27409
137107
52948
52548
55001
32289
37052
399361
263473
17831
24200
9454
262379
264778
18853
21249
47767
25950
34134
204342
16750
25842
24320
4352
196953
24536
41424
18793
44695
18491
265741
23339
61834
202682
45705
27934
52490
40794
10632
35860
50163
52790
51943
22306
208966
208906
208645
56385
22251
62104
397754
25943
264484
52430
211895
59342
61766
52616
55192
262882
59403
59888
53986
264299
44442
202767
43020
52029
47421
209424
26661
56642
44500
27337
41280
47374
15470
206420
56747
55693
263701
395693
8046
393439
46915
17093
52655
265713
26196
267786
17267
50294
6829
35971
60529
13824
210238
51899
14630
50352
263267
10222
55536
56400
39862
49052
57613
200602
263795
395500
10717
49935
30459
17043
35871
1444
203206
51424
202454
35602
60238
13690
19749
51625
49502
20467
30635
22527
396936
22474
205081
48048
37101
42183
8891
55664
27593
204356
10109
394989
4410
62020
46935
53873
38938
19142
35932
206389
30038
51273
51357
34259
26478
198720
199846
196969
396472
46925
197496
33973
26159
11437
59415
210158
57981
54006
61384
131713
264791
6553
196980
18961
49091
30067
32358
265862
265633
58476
18495
399247
41561
20971
16715
30311
10905
18484
19931
17309
25602
45716
40808
38999
47499
397593
264660
46315
39485
46032
200475
56224
12761
19156
210154
136238
62818
13172
206737
201637
199341
43320
201641
50148
24579
41644
41952
204875
33901
207221
56234
5008
53595
50803
43253
263516
25611
207138
4503
394830
19819
17553
205654
393670
21243
18725
4390
63299
51984
49773
393857
46171
52145
267722
63450
39353
18889
37508
16716
60146
50500
200046
62476
51440
205331
25183
204389
52080
40720
205048
205053
36675
60886
328453
13044
397078
63072
17090
18786
201277
205389
266457
267446
263858
267280
266338
268156
266651
269271
264442
266538
206784
327737
328036
268387
25506
209531
57999
197058
51972
205850
200582
51874
203713
47850
205856
42798
202126
39848
15188
266298
205674
12662
203760
200574
41522
59564
213183
201314
203228
131473
264125
47485
197979
132642
136877
265629
59151
209825
131705
42066
50981
61697
394012
134623
136617
201293
56459
269460
328079
265790
267486
134633
62644
29335
206529
265657
266484
13496
266666
137378
266860
203302
133453
45712
63513
268803
393669
25165
44443
19726
136659
22436
264245
41273
265836
27562
396841
271182
46729
17304
4224
40049
57949
137376
210125
204309
265551
266146
52336
17364
271310
60352
133329
54035
41121
202057
266996
62463
21130
266419
20213
267173
266065
33927
56126
42501
201525
55891
266070
46211
263492
61467
1439
63357
267679
14052
47784
26670
265530
196824
200814
37552
50635
46292
269614
136105
1827
267422
47361
132669
264783
44287
269907
18693
393456
137667
200640
52285
264328
267756
53602
30744
22945
264669
203408
268163
201906
212163
33999
263749
41586
24999
200695
62252
134020
8811
11523
136919
42350
135938
35448
40148
204249
265805
54800
40047
60560
43244
263694
263805
266716
134596
203088
141314
38517
204171
63874
22955
208997
265824
263976
200990
263827
212285
267030
26534
54037
394072
395594
265609
20306
62223
61519
328592
58763
205113
206730
133819
199370
205244
27227
207255
264894
64443
266873
61821
21955
265476
64008
50784
29753
42259
10558
11212
267687
202551
31390
24892
208598
138489
15948
202686
204429
48952
268051
204562
396937
208403
58598
138904
202657
265581
55745
3290
208847
206418
205619
198880
136100
15015
264940
48057
265961
56546
265364
267713
50980
57594
266752
31305
265641
12443
207102
200661
201898
203580
198814
264680
137291
132365
29229
264970
204943
132806
10725
43175
62893
44979
263884
53527
46147
265079
327764
270732
49597
269467
265549
202503
23427
54138
267303
50727
50302
42924
34032
204458
25491
267815
8699
55025
268378
25971
206975
12590
265298
48947
201547
328891
265701
55524
45509
264748
133450
132216
204811
46399
202556
263712
267307
61289
265428
52190
36440
208767
59861
209948
61839
267693
268654
35373
60961
205044
133762
47896
41232
29027
394167
141153
265699
63923
40006
24002
264676
33539
265033
20813
209621
264487
52897
4850
266788
264136
29070
57904
28453
205457
265814
55885
49589
205852
208040
271233
61995
204886
201559
265286
264882
202774
21093
201533
48696
200788
206145
138221
27271
206951
44686
59770
30355
52659
393455
22746
268739
267694
137974
396037
205345
265722
13199
209900
266743
47745
204566
132173
197412
32659
209103
206956
43816
18535
60243
393837
397301
267271
267152
135868
54192
133811
203821
34891
60729
48742
53219
397554
212025
199857
207033
136101
49256
136087
131944
141618
33296
30551
35958
38755
43888
36993
131255
32834
136874
131785
42074
271868
53770
33252
7741
398731
46039
47517
19312
35732
266839
36975
24236
25174
55642
22916
53294
32549
396194
264790
58475
34208
33328
45315
20536
266664
53499
20466
199768
33405
35999
29496
32203
44673
39914
264829
16903
33347
24291
25906
265546
33160
209860
267210
32267
63071
206004
46755
36145
208448
47672
35918
399148
29721
265643
212326
20028
31645
268419
6911
131524
200018
41068
202883
396344
54226
269929
29935
7382
40310
398180
208669
266781
37137
138323
49252
49147
57472
393248
48861
51503
47966
399372
205957
264667
48577
136094
8513
140925
37433
29817
141735
26220
36393
40817
43791
205015
45984
51371
57852
210070
264776
41367
36635
265249
205604
39297
39130
206048
198251
56639
199517
48897
201149
213389
2821
207568
139997
212604
49370
197375
141652
57519
43438
141896
203375
141146
53483
198206
45697
141634
39223
62021
29993
202538
48650
22312
53578
131988
139957
141754
212003
54169
395308
140479
39230
139364
3412
138875
47673
197602
198928
30321
26283
37579
327884
28985
133438
56428
134356
136437
211726
62327
212621
13724
26109
136325
20709
58199
138035
139971
212035
197523
44985
397832
56237
139438
16511
26095
62101
398009
42014
56698
201931
264714
3332
393631
27295
399046
138891
207742
30859
30258
49903
36279
139671
39128
53633
39731
51197
45316
138506
15155
328225
138427
140475
46256
137785
46057
212684
39307
32291
141097
20286
57493
140409
134656
21961
57550
139978
207035
15260
138634
19309
198152
21328
131202
397065
21712
140204
138136
199382
51315
202993
43301
396218
24519
41150
138907
209271
197490
137891
46695
28689
136081
133782
139521
141957
42719
139367
40578
46135
48035
39222
38564
8753
12238
26672
197679
266786
138755
46895
43049
63020
42327
27451
138073
2601
57321
44866
28466
35963
17196
25922
39990
140394
42174
57778
49456
35968
203811
41177
198323
141069
137088
202131
56606
25403
29289
22415
142529
62323
53794
41751
42195
207475
19179
142040
197364
30252
201156
210092
394913
265723
34399
205299
35800
25779
137590
266698
140065
136112
57715
206518
58375
137323
136682
56446
207492
133070
53575
138587
139432
206270
30699
48845
18920
61116
56622
25554
63263
136618
59619
28967
138550
5635
139255
35123
204026
41773
198048
140387
139579
41513
26808
198402
48892
56254
198695
141893
31587
57599
206964
60336
205129
138794
202439
45030
134248
200474
141822
207081
27279
35781
202323
140122
197681
267354
136375
141680
34489
204565
44272
198146
10402
205348
43743
57361
199706
30250
57582
140480
197707
208329
40054
212043
204668
202055
134650
201934
138830
141672
14448
29272
56803
212380
213387
60401
204684
198216
212075
200668
207114
210055
213111
59124
42458
206118
204619
199333
62799
50303
137351
33161
62905
209748
25210
42012
41999
202472
207506
203706
199148
199131
199263
141052
202399
396157
138878
54738
48649
25825
11350
203906
30849
22875
46815
26781
44396
46236
56751
137347
34424
54556
53432
13801
137511
51094
205013
16184
40373
24985
53656
5733
131761
42293
142314
43351
264019
46274
140695
204549
41940
208515
211477
136058
136834
135454
208323
6092
139996
132638
59762
397123
209258
209221
54025
396325
19841
30098
138853
213009
197688
399813
34142
54332
44085
29015
55927
30472
31522
397971
133818
63054
34776
63364
20395
197321
55654
36359
22918
133306
62652
20074
394872
141603
135828
209647
26741
63204
202198
133051
48534
45202
202879
211570
45002
13827
51987
34068
29051
51143
134024
44036
54506
18359
56856
56673
212804
209937
53646
208169
197769
41548
53462
141532
52045
43472
136129
131757
51995
202327
57414
211159
43815
26066
212617
204892
207677
208938
55510
46369
41229
62510
138124
137353
57000
208538
138764
203016
52538
26465
207287
137389
29673
198314
48672
53357
34551
205100
41467
46348
18172
138078
19827
51566
63167
211034
204529
137412
213226
20349
61101
265717
52179
395007
15993
13948
203633
212570
36477
141912
53836
141066
141085
212493
46451
212806
12011
399532
13717
137475
50194
133671
11785
3660
203198
54435
211455
50609
139974
210212
142471
31952
59646
197967
57499
43875
4940
44006
398310
62736
32166
21673
37983
138529
21518
19455
140010
197671
44742
57242
26475
29035
41917
197172
398390
59609
205874
32219
141124
141116
46163
54881
29599
53406
21814
26045
137861
136986
139724
202329
47771
265833
41844
57491
41813
141104
57765
140410
197278
47058
28280
269746
206412
24350
62882
24363
26451
24353
196903
207101
29376
207416
53149
44944
30793
26312
39546
205374
267720
142318
131482
31851
42469
16858
139550
22102
203450
199551
3402
137141
6582
19019
30709
205962
9503
38285
328057
59913
136301
14303
196628
142322
2882
59156
205296
43658
44160
136600
137707
61262
12177
198666
8065
8844
33618
57221
19158
137595
11680
58863
19544
42883
24416
134342
9238
207848
63679
134853
204530
51308
37197
61169
269920
18085
42401
20165
396139
8808
13363
36991
135683
49766
56824
35893
56324
26259
6594
71
59159
13794
394406
20952
328778
397081
141383
207449
49944
199930
61988
12260
13604
48730
5704
203435
142580
34579
62267
54341
45011
40396
35433
47598
48471
197288
8608
59768
199984
23543
205950
49725
200678
49753
28407
267719
210121
27937
7735
59764
136832