0.0
0.0
0.0
0.0
0.0
-7.113153416784981e-20
0.0
0.0
0.0
0.0
0.0
0.0
0.0
0.0
0.0
0.0
0.0
0.0
0.0
0.0
0.0
0.0
0.0
0.0
0.0
0.0
0.0
0.0
0.0
0.0
0.0
0.0
0.0
0.0
0.0
0.0
0.0
0.0
0.0
0.0
0.0
0.0
0.0
0.0
0.0
0.0
0.0
0.0
3.785621209155301e-05
0.0
0.0
0.0
0.0
0.0
0.0
0.0038406889563922823
0.0
0.0
0.0
0.0
0.0
0.0005266951247520419
0.0
0.0
0.0
0.0027110745574533755
0.0
0.0010844298229813502
0.0
0.0
0.0
0.0
0.0
0.0
6.419096832915511e-05
0.004744380475543407
0.0
0.0
0.0
0.0
0.0
0.0
0.0
0.0
0.0
0.0
0.0
0.0029369974372411567
0.0
0.0
0.0
0.0
0.0
0.0038406889563922823
0.0
0.0014233141426630222
0.0
0.0010166529590450158
0.0
0.0
0.0
0.0
0.0
0.0029369974372411567
0.0
0.0
0.0
0.0
0.0
0.0
0.0
0.0
0.0
0.0
0.0
0.0
0.0
0.0
0.0
0.0036147660766045007
0.0012651681268115752
0.0006099917754270095
0.0
0.0
0.0
0.0024851516776655943
0.0
0.006777686393633439
0.0
0.0
0.007003609273421221
0.0
0.0
0.0
0.0
0.0
0.004518457595755626
0.0024851516776655943
0.0029369974372411567
0.0
0.0
0.0008585069431935689
0.0
0.0
0.0
0.0008359146552147908
0.0
0.0
0.0
0.0010844298229813502
0.0
0.0
0.0
0.0
0.0
0.0
0.001739606174365916
0.0
0.0
0.0
0.0
0.0
0.0
0.0
0.0
0.006325840634057877
0.0
0.0
0.0
0.0
0.0
0.0
0.0
0.0
0.0
0.0
0.0
0.0
0.0
0.0
0.0029369974372411567
0.007003609273421221
0.0
0.0
0.0
0.0
0.0
0.0
0.0
0.0
0.0
0.0
0.0
0.0
0.0
0.0
0.0
0.0
0.0
0.0
0.0
0.0
0.0017847907503234723
0.0
0.0
0.0
0.0
0.0
0.0
0.0
0.0
0.0
0.0
0.0
0.0
0.002259228797877813
0.0
0.0
0.0020107136301112534
0.007681377912784565
0.0
0.000519622623511897
0.0
0.0038406889563922823
0.0
0.0012877604147903533
0.0
0.0
0.0
0.0
0.0
0.0
0.0
0.0
0.0003127252303215249
0.006099917754270095
0.0
0.0
0.0
0.0
0.001219983550854019
0.0
0.0
0.002259228797877813
0.006551763513845658
0.0
0.0
0.0
0.011296143989389065
0.0
0.0
0.0
0.0
0.0
0.0
0.0
0.0
0.0
0.0
0.0005102359021035406
0.006551763513845658
0.0
0.0007571242418310602
0.007455455032996783
0.0
0.0
0.0005102359021035406
0.0
0.0
0.0
0.0
0.0
0.0
0.0
0.0
0.0
0.0
3.456436756185275e-05
0.00023042911707901834
0.0
0.0
0.0
0.0
0.0
0.0
0.0
0.0
0.0
0.0
0.0
0.0
0.0
0.0
0.0
0.0013555372787266878
0.0
0.0
0.0
0.0
0.0
0.00034564367561852746
2.6334756237602093e-05
0.0
0.0
0.0
0.0
0.0005266951247520419
0.00034564367561852746
0.0
0.0
0.0
0.0
0.0
0.0
0.0
0.0
0.0
0.0
0.0
0.0
0.0
0.0
0.0
0.0
0.0
0.000213969894430517
0.0008359146552147908
0.0
0.0
0.0
0.0
0.0
0.0
0.0
0.0
0.004066611836180063
0.000213969894430517
0.0
0.0
0.004744380475543407
0.00858506943193569
0.0
0.005873994874482313
0.0
0.0
0.0
0.0
0.0
0.0
0.0
0.0
0.0
0.0
0.0
0.0
0.0
0.0
0.0
0.0
0.0
0.0
0.0
0.0
0.0
0.0
0.0
0.0
0.0
0.0
0.0
0.0
0.0
0.0
0.0
0.0
0.0
0.0
0.0
0.0
0.0
0.0
0.0
0.0
0.0
8.065019097765641e-05
0.0
0.0
0.0
0.0
0.0
0.0
0.0
0.0
0.0
0.0
0.005873994874482314
0.0
0.0
0.0
0.0
0.0
0.00023042911707901834
0.0
0.0
0.0
0.0
0.0
0.0
0.0
0.0
0.0
0.0003785621209155301
0.0
0.0
0.0
0.0
0.0
0.0
0.0
0.0
0.0
0.0007406650191825589
0.0
0.0
0.0
0.0
0.0
0.0
0.0
0.0
0.0
0.0
0.0
0.0
0.0007242057965340576
0.0
0.0
0.0
0.0
0.0
0.0
0.0007455455032996783
0.006099917754270095
0.0
5.9253201534604716e-05
0.0
0.0
0.0
0.0
0.0
0.0
0.0
0.0003127252303215249
9.710941362615772e-05
0.0
0.0
0.0
0.0
0.0005102359021035406
0.0
0.0
0.0
0.0
0.0
0.0
0.0005422149114906751
0.0
0.0
0.0
0.0004970303355331188
0.001355537278726688
0.006099917754270095
0.0
0.0
0.009036915191511253
0.00041148056621253274
0.0
0.008133223672360128
0.0
-7.113153416784981e-20
0.0
0.005873994874482314
0.0
0.0
0.0
0.0
-7.113153416784981e-20
0.00023042911707901834
0.0
0.0
0.0
0.0
0.0
0.0
0.0
0.0005102359021035406
0.0
0.0
0.0
0.01197391262875241
0.0
0.0
0.0
0.0
0.0
0.0
0.0
0.0
0.0
0.00858506943193569
4.4439901150953533e-05
0.0006089912379945485
0.0
0.0
0.002236636509899035
0.0
0.0
0.0
0.0
0.0
0.0
0.0
0.0
0.0
0.0
0.0
0.0
0.0
0.0007242057965340576
0.0003621028982670288
0.0
0.0
0.0
0.0
0.0
0.0
0.0
0.0
0.0
0.0
0.006099917754270095
0.0
0.0
0.0
0.0
0.0
0.0
0.0
0.0
0.0
0.0
0.006551763513845658
0.0
0.0
0.006325840634057877
0.000641909683291551
0.0
0.0
0.0
0.0
0.0
0.0003127252303215249
0.0
0.0
0.0
0.0
0.0
0.0
0.0
0.0
0.0
0.005873994874482314
0.0
0.0
0.0
0.0
0.0
0.0
0.0
0.0
0.0
0.0
0.0
0.0
0.000213969894430517
7.571242418310602e-05
0.0
0.0
0.0
0.0
0.000213969894430517
0.0
0.0
0.0
0.0
0.0
0.006099917754270095
0.0
0.0
0.0
0.0006089912379945485
0.0
0.0
0.0
0.0
0.0
0.0
0.00038406889563922825
0.0
0.0
0.0
0.0
0.0
0.0
0.0
0.0
0.0
0.0
0.0
0.0
0.0
0.0
0.0
0.0
0.0
0.0
5.9253201534604716e-05
0.0
0.0
0.0
0.0
0.0
7.242057965340576e-05
0.0
0.0
0.0002468883397275196
0.0
0.0003456436756185275
0.0
0.0
0.0
0.007681377912784565
0.0
0.0
0.0
0.0
0.0
0.0
0.01219983550854019
0.00038406889563922825
0.0
0.0
0.006777686393633439
0.0
5.431543474005432e-05
0.0006583689059400524
0.0
0.0
0.0
0.0
0.0
0.0
0.0
0.0
4.9377667945503925e-05
0.0
0.0
0.0
0.0
0.0
0.0
0.0
0.0
0.0
0.0
0.0
0.0
0.0
0.0
0.0
0.0
0.0007907300792572346
0.0
0.0
0.0
0.0
0.0003621028982670288
0.0
0.0
0.012425758388327972
0.0
0.0
0.0
0.0
0.0
0.0
0.0
0.0
0.0
0.0
0.0
0.0
0.0
0.0
0.0001645922264850131
0.0003621028982670288
0.0005873994874482314
0.0001645922264850131
0.0
0.0
0.0
0.0
0.0
0.00041148056621253274
0.0
0.0
0.0
0.0
0.0
0.0003456436756185275
0.0
0.0
0.0
0.0
0.0
0.0
0.0
0.0
0.0
0.0
0.0
0.0
0.0
0.0
0.0
0.0
0.00044439901150953535
0.0
0.00012509009212860995
0.0
0.0
0.0
0.0
0.0
0.0
0.0
0.008810992311723472
0.0
0.0
0.0
0.00041148056621253274
0.0
0.0
0.0
0.0
0.0
0.0
0.0
0.0
0.0
2.3042911707901832e-05
0.0
0.0
0.0
0.0
0.0
0.0
0.0
0.0
0.0
0.0
0.0
0.0
6.254504606430498e-05
0.0
0.0
0.0
0.0
7.571242418310602e-05
0.0
0.0
0.0
0.0
0.0007242057965340576
7.571242418310602e-05
0.0
0.0
0.00041148056621253274
0.0
0.0
0.009262838071299033
0.0
0.0
0.0
0.0
0.0
0.00041148056621253274
0.0
0.0001810514491335144
3.621028982670288e-05
0.0
0.0
0.0
0.0
0.0
0.0
0.0
0.0
0.0
0.0
0.0
0.0
0.0
0.0
0.0
0.0
0.0007242057965340576
0.0
0.0
-7.113153416784981e-20
0.0
0.0
0.0
0.0
0.0
0.0
0.0
0.0
0.0
0.0
0.0
0.0
0.000641909683291551
0.0
0.0
0.0
0.0
0.0
0.0
0.0
0.0
0.0
0.0
0.0
0.0
0.0
0.0
0.0
0.0
0.0
4.6085823415803664e-05
0.0
0.0
0.0
0.0
0.0
0.0003127252303215249
0.0
0.0
0.0
0.0
0.0
0.0
0.0008133223672360127
0.0
7.900426871280628e-05
0.0
0.0
0.0
0.0
0.0
0.0
0.0
0.0
0.0
0.0
0.0004970303355331188
4.114805662125327e-05
0.0
0.0
0.0
0.0
0.0003456436756185275
0.0
0.0
0.0
0.0
0.0
0.0
0.0
0.0
0.0
0.0
0.0
0.0
0.0
0.0
0.0
0.0
0.0
0.0
0.0
0.0
0.0
0.0
0.0
0.0
0.0
0.0
0.0
0.0006325840634057876
0.00010204718042070811
0.0
0.0
0.0
5.7607279269754585e-05
0.0
0.0
0.0
0.0
0.0
0.0
0.0
6.748281285885537e-05
0.00023042911707901834
0.0
0.0
0.0
0.0
0.0
0.0
0.0
0.0
0.0
3.291844529700262e-05
0.0
0.0
0.0
0.0005760727926975458
0.0
0.0
0.0
0.0
0.0
0.0
0.0
0.0
0.0
0.0
0.0
0.0
0.0
0.0
0.0003456436756185275
0.01197391262875241
0.0
0.0
0.0
0.0
0.0
0.0
0.0
0.0
0.0
0.0
0.0
0.0
0.0
0.0005422149114906751
0.0
0.0
0.0
0.0
0.0
0.0
0.0
0.0
0.0
0.0
0.0
0.0
0.0
0.0002468883397275196
0.0
0.0
0.0
0.0
0.0
0.0
0.0
0.0
0.0
0.0
0.0
0.0
0.0
0.0
0.0
0.0
0.0
0.0
0.0
0.0
0.0
0.0
0.0
0.0
0.0
0.0
0.0
0.0003456436756185275
0.0
0.0014007218546842441
0.0
0.0
0.0
0.0
0.0
0.0
0.0
0.0
0.0
0.0
0.0
0.0
0.0
0.0
3.127252303215249e-05
0.0
0.0
-7.113153416784981e-20
0.0
0.0
0.0
0.0
0.0
0.0
0.0
0.0
0.0
0.0
0.0
0.0
0.0
0.0
0.0
0.0005760727926975458
0.006099917754270095
0.0
0.0
0.0
0.0
0.0
0.0
0.0
0.0
0.0
0.0004970303355331188
0.0
0.0
0.0
0.013555372787266878
0.0
0.0
0.0
0.0
0.0
0.0
0.0005873994874482314
0.0
0.0
0.0
0.0
0.0
0.0
0.0
0.0
0.0
0.0
0.0
0.0
0.0
0.0
0.0
0.0
0.0
0.0
0.0
0.0
0.0
0.0
0.0
0.0
0.0
0.0005873994874482314
0.0
0.0
0.0
0.007229532153209002
0.000213969894430517
0.0
0.0
0.00023042911707901834
0.0
0.0
0.0
0.0
0.0
0.0
0.0
0.0004937766794550392
0.0
0.0
0.0002468883397275196
0.0
0.0
0.009488760951086816
0.0
0.0
0.0
0.0
0.0
0.00023042911707901834
0.0
0.007229532153209002
0.0
0.0
0.0
0.0
0.0
0.007907300792572345
0.006777686393633439
0.0003291844529700262
0.0
0.0
0.0
0.0
0.0
0.0
0.0
0.0
0.0005102359021035406
0.0
0.00012179824759890969
0.0
0.0
0.0
0.0
4.7731745680653795e-05
0.0
0.0
0.0
0.0
0.0
0.0009352941951716236
0.0
0.0
0.0
0.0
0.0
0.0
0.000858506943193569
0.0
0.0
0.0
0.0
0.0
0.0
0.0
0.0
0.0
0.0
0.0
0.0
0.0
0.0
0.0
0.0
0.0
0.0
0.0
0.01197391262875241
0.0
0.0
0.0
0.0
0.0
0.0
0.0
0.0
0.0
0.0
0.0
0.0
0.0
0.0
0.0014233141426630222
0.0
0.0
0.0
0.0
0.0
0.0
0.0
0.0
0.00044439901150953535
0.0002236636509899035
0.0
0.0
0.0
0.0
0.0
0.0
0.0
0.0
0.0
0.0
0.0
0.0
0.0
0.0002468883397275196
0.0
0.0
0.0
0.0
0.0
0.0
0.0
0.0
0.0
0.0003614766076604501
0.0
0.0
0.0
0.0
0.0
0.0
0.007681377912784565
0.0
0.0
7.077465738855563e-05
0.0
0.0
0.0
0.00014977892610136193
0.008810992311723472
0.0
0.0
0.0
0.0
0.0
0.0
0.0
0.0
0.0
0.0
0.0
0.0
0.0
0.0
0.0
0.0001975106717820157
0.0
0.0
0.0
0.0
0.0
0.0
0.0
0.0
0.0
0.0
0.0
0.0004970303355331188
0.0
0.008810992311723472
0.00023042911707901834
0.0
0.0
0.0
0.0
0.0
0.0
0.0
0.0
0.0
0.0
0.0
0.0
0.0
0.0
0.0
0.0
0.0
4.4439901150953533e-05
0.0006325840634057876
0.0
0.0
0.0
0.0
0.0
0.0
0.0
0.0
0.0
0.0
0.0005422149114906751
7.735834644795615e-05
0.0
0.0
0.0
0.0
0.0
0.01536275582556913
0.0
0.0006089912379945485
0.0
0.0
0.0
0.0
0.0005873994874482314
0.0005596135700490445
0.0
0.001219983550854019
0.0
0.0
0.0004608582341580367
0.0
0.0
0.0
0.007681377912784565
0.0003456436756185275
0.0
0.0
0.0
0.0
0.0
0.0
0.0
0.0
0.0
0.0
0.0001810514491335144
0.0
0.0
0.0
0.0
0.0
0.0
0.0
0.0
0.0
0.0
0.0
0.00044439901150953535
0.0
0.00014813300383651178
0.0
0.0
0.0010618375350025721
0.0
0.0009352941951716236
0.0
0.0
0.0006748281285885537
0.0
0.0
0.0
0.0
0.01897752190217363
0.0005873994874482314
0.00023042911707901834
0.0
0.0
0.0
0.0
0.0
0.0
0.0
0.0
0.0
0.0
0.0
0.0
0.013329449907479097
0.0
0.0
0.0
0.0005422149114906751
0.0
0.0
0.0
0.0
0.0003127252303215249
0.0
0.0
0.0
0.0
0.0
0.0
0.002259228797877813
0.0
0.0
3.950213435640314e-05
0.0
0.0
0.0
0.0003614766076604501
0.0
0.0
0.0
0.0
0.0
0.00029626600767302357
0.0
0.0
2.7980678502452227e-05
0.0
0.0
0.0
0.0
0.0
0.0
0.004744380475543408
0.0007571242418310602
0.0
0.0010618375350025721
0.0
0.0
0.0
0.0
0.0007242057965340576
0.0
6.0899123799454846e-05
0.0
0.0
0.0
0.0004608582341580367
0.00026334756237602095
0.0
0.0
0.0
0.0
0.0
0.0
0.0
0.0
0.0
0.0
0.0
0.0
0.0
0.0003127252303215249
0.0003456436756185275
0.0
0.0
0.0
0.0
0.0
0.0
0.00026334756237602095
0.0
0.0
0.0005760727926975458
0.0
0.0
0.0
0.0
0.0005102359021035406
0.0
0.0
0.0
0.0
0.0
0.0
0.0
0.0
0.0
0.0016266447344720255
0.0
0.0
0.0
0.0
2.6334756237602093e-05
0.0
0.0
0.0004608582341580367
0.0
0.0
0.0
0.0
0.0
0.0
0.0
0.0
0.0
0.0
0.0
0.0
0.0
0.0
0.0003621028982670288
0.000213969894430517
0.0
0.0
0.0
0.0
0.010618375350025721
0.0
0.0
0.0
0.0
0.0
0.0
0.0
0.0002468883397275196
0.00044439901150953535
0.0
0.0
0.0
8.887980230190707e-05
0.0
0.0
0.0
0.0
0.0
0.0
0.0
0.0007406650191825589
0.0
0.0
0.0
0.0
0.0
0.0
0.0
0.0007077465738855562
0.0
0.00858506943193569
0.0
0.0
0.0
0.0
0.0
0.0
0.00026334756237602095
0.0
0.0
0.0
0.0
0.0
0.0
0.0
0.0
0.0
0.0
0.0
0.0006325840634057876
0.0
0.0
0.0003621028982670288
0.0
0.0
0.0
0.0005925320153460471
0.0
0.0
0.0
0.0004608582341580367
0.0
0.0
0.0
0.0
0.0
0.007229532153209002
0.0
0.0
0.0
0.0
0.0
0.0
0.0
0.0
0.0
0.0
0.0
0.0
0.0
0.0
0.0
0.0014233141426630222
0.0
0.0
0.0
0.0
0.0
0.0
0.0
0.0
0.0
0.0
0.002236636509899035
0.0
0.0
0.0
0.0
0.0
0.0
0.0
0.00044439901150953535
0.0
0.0
0.0
0.0
0.0
0.0
0.0
0.0
0.0
0.0
0.0
0.0
3.456436756185275e-05
8.394203550735668e-05
0.0
0.0
0.0
0.0
0.0
0.0005102359021035406
0.0
0.0
0.0
0.0
-7.113153416784981e-20
0.0
0.0
0.0
0.0
0.0006089912379945485
0.0
0.0
0.0
0.0006325840634057876
0.0
0.0
0.0
0.0
0.0
0.0
0.0
0.0
0.0
0.0
0.0
0.0004937766794550392
0.0
0.0003621028982670288
0.0001810514491335144
0.0
0.0
0.00041148056621253274
0.0
0.0
0.00858506943193569
0.0
0.0
0.0
0.0
0.0
0.0004608582341580367
0.0
0.0
0.0007406650191825589
0.0
0.0
0.0
0.0
0.0
0.0
0.00038406889563922825
0.0
0.0005266951247520419
0.0
0.0
0.0007681377912784565
0.0
0.0
0.0
0.0
0.0
0.0
0.0
0.0
0.0
0.0
0.0
0.0
0.0
0.0
0.0
0.0
0.0
0.0
0.0004937766794550392
0.0
0.0
0.0
0.0
0.0
0.0
0.0
0.0009352941951716236
0.0
0.0
0.0
0.0
0.0
0.0
7.077465738855563e-05
0.0005266951247520419
0.0
0.0
0.0
0.0005431543474005432
0.0002936997437241157
6.419096832915511e-05
0.0003291844529700262
0.0007907300792572346
0.009488760951086816
0.0
0.0
0.00027980678502452223
0.0
0.0
0.0
0.0
0.0008359146552147908
0.0011296143989389066
0.0
0.00858506943193569
3.785621209155301e-05
2.9626600767302358e-05
0.0
0.0
0.0
0.0
0.0
0.0
0.0
0.0
0.0
0.0
0.0
0.0
0.0
0.0
0.001355537278726688
0.0
0.0
0.0
0.0
0.0006325840634057876
0.0
0.0
0.00858506943193569
0.0
0.0
0.0
0.0
0.0
0.0
0.0
0.0
9.217164683160733e-05
0.0
0.0
0.0
0.0
0.0
0.001219983550854019
0.0
0.0
0.0
0.0
0.0005266951247520419
0.0006099917754270095
0.0
0.0004292534715967845
5.7607279269754585e-05
0.0
0.0
0.0
0.0
0.0
0.0
0.0
0.0
0.0
6.254504606430498e-05
0.0
0.0
0.001355537278726688
0.0
0.0
0.0
0.0
0.0
0.0
0.0
0.001378129566705466
0.0
0.0
0.0
0.0014007218546842441
0.0
0.0
0.0008723388003705694
0.0
0.0
0.0
0.0
0.0007406650191825589
0.0
0.00015636261516076245
0.0003127252303215249
0.0
0.0
0.0006583689059400524
0.00044439901150953535
0.0
0.0
0.00029626600767302357
0.0006748281285885537
0.0
0.0
0.0
0.0
0.0
0.0
0.0
0.0
0.0
0.0004937766794550392
0.0
0.0
0.0
0.0
0.0
0.0
0.0
0.0
0.0
0.0
0.0
0.0
0.0
0.0
0.0
0.0
0.0
0.00011356863627465904
0.0
0.0
0.0
5.5961357004904455e-05
0.0
-7.113153416784981e-20
0.0
0.0
0.0
0.0
0.0
0.0
0.0
0.0
0.0
0.0
0.0
0.0
0.0
0.0
0.0
0.0
0.0
0.0
0.0
0.0
0.0
0.0009352941951716236
0.0
0.0
0.0
0.00029626600767302357
0.0
0.0
0.0
0.0
0.0
0.0
0.0
0.0
0.00858506943193569
0.0
0.0
0.0
0.0
0.0
0.0
0.0
0.00027980678502452223
0.0
0.0
0.0
0.0
0.0
0.0
0.0
0.0
0.0
0.0003785621209155301
0.0
0.0
0.0
0.0
0.0
0.0
0.0003127252303215249
0.00044439901150953535
0.0
0.0
0.00044439901150953535
0.0
7.571242418310602e-05
0.0019203444781961411
0.0
0.01039245247023794
0.0
0.0003785621209155301
0.0
0.0
0.0
0.0
0.0
0.000213969894430517
0.0
0.0
0.00011027679174495878
0.0
0.0
0.0
0.0
0.0
0.0003785621209155301
0.0
0.0
0.0009352941951716236
0.0
0.009488760951086816
0.0
0.0
0.0006748281285885537
0.0
0.0
4.114805662125327e-05
0.0
0.0
0.0
0.004518457595755626
0.0
0.0
0.0009352941951716236
0.0
0.0
0.0
0.00027980678502452223
0.0
2.9626600767302358e-05
0.0
0.0
0.0
0.0
0.0006089912379945485
0.0
0.0
0.0
0.006325840634057877
0.0
0.0
0.004744380475543408
0.0
0.0003785621209155301
-1.138104546685597e-18
0.008359146552147909
0.0
0.0
0.0038406889563922823
0.0003291844529700262
0.0
0.0
0.0
0.0
0.0015814601585144692
0.0
0.0
0.0
0.0
0.0
0.0
0.0
0.0007571242418310602
0.0
0.0
0.0009217164683160734
0.011747989748964627
0.0
0.0006325840634057876
0.0
0.0003291844529700262
0.0
0.0
0.0
0.0001810514491335144
0.0
0.0
0.0
0.0003127252303215249
0.0
0.0
0.0008133223672360127
0.0
0.0004066611836180064
0.0
0.0
0.0
0.0
0.0
0.0
0.0
0.0
0.0
0.0
0.0
0.0
0.0
0.0
0.0
0.0
0.0
0.0003950213435640314
0.0
0.0008133223672360127
0.0
0.0
0.0
0.0
0.0
0.0
0.0
0.00044439901150953535
0.0
0.0005596135700490445
0.000213969894430517
0.0
0.0
0.0
0.0
0.0
0.0002468883397275196
0.0
0.000213969894430517
0.0
0.0
0.0
0.0
0.0
0.0
0.00011027679174495878
0.0
0.0
0.0
0.0
0.0
0.0
0.0
0.0
0.0
0.0
0.0
0.0
0.0
0.0
0.0
0.0
0.0
0.0
0.0
0.0
0.0
0.0
0.0
0.0
0.0
0.0
0.0
0.00029626600767302357
0.0
0.0004937766794550392
0.0
0.0
0.0
0.0
0.0
0.0
0.0
0.0
0.0
0.0
0.0
0.0
0.0
0.0
0.0
0.0001530707706310622
0.0
0.0
0.0
0.0
0.0
0.00012838193665831022
0.0
0.0
0.0
0.0
0.0004608582341580367
0.0005102359021035406
0.0
0.0
0.0
0.0006089912379945485
0.0
0.0
0.00015142484836621204
0.0
0.0
0.0
0.0
0.0
0.0
0.0
0.0
0.0
0.0
0.0
0.0
0.0
0.0
0.0
0.0
0.0
0.0
0.0
0.0
0.0
0.0
0.0004970303355331188
0.0
0.0006748281285885537
0.0
0.0
0.0
0.0009352941951716236
0.0007406650191825589
0.0
0.0
0.0
0.0
0.0
0.0
0.0
0.0
0.0005596135700490445
0.00519622623511897
0.00041148056621253274
0.0
0.0
0.0
0.0
0.0
0.0
0.0
0.0
0.0
4.7731745680653795e-05
0.0
0.0
0.0
0.0
0.0
0.0003621028982670288
0.0
4.114805662125327e-05
7.077465738855563e-05
7.571242418310602e-05
0.0
0.0
0.00029626600767302357
0.0
0.0005596135700490445
0.0
0.0
0.0
0.0
0.0
0.0
0.0005873994874482314
0.0
0.0
0.0
0.0
0.0
0.0
0.0
0.0
0.0
0.0
0.0
0.0
0.0
0.0
0.0001645922264850131
0.0
0.0
0.0
0.0
0.0
0.0
0.0
0.0
0.0
0.0
5.9253201534604716e-05
0.00044439901150953535
0.0
0.0
0.0
0.0
0.0
0.0
0.0
0.0
0.0
0.0
0.0
0.0
0.0
0.0
0.0
0.0003127252303215249
0.0
0.0
0.0
0.0005102359021035406
0.0
0.0
6.254504606430498e-05
0.0
0.0
0.0
0.0
7.406650191825589e-05
0.0
0.0
0.0
0.0
0.0
3.621028982670288e-05
0.0
0.0
0.0
0.0
0.0
0.0001975106717820157
0.0
0.0
0.00044439901150953535
0.0
0.0
0.0
0.0
0.0
0.0
0.0
0.0
0.0
0.0005596135700490445
0.0
0.0
0.0
0.0
0.0
0.0
0.0
0.0
0.0
0.0
0.0
0.0
0.0
0.0
0.0003456436756185275
-7.113153416784981e-20
0.0
0.0
0.0
0.0
0.0
0.0
0.0
7.571242418310602e-05
0.0
0.0
0.0
0.0
0.0003127252303215249
0.0
0.0
0.0
0.0
0.0
0.0
0.0
0.0
0.0
0.0
3.785621209155301e-05
0.0
0.0
0.0
0.0
0.0
0.0
0.0
0.0
0.0
0.0
0.0
0.0
0.0
0.0
0.0
0.0
0.0
0.004518457595755626
0.0
0.0
0.0
0.0
0.0
0.0
0.0
0.0
0.0
0.0
0.0
0.0
0.0
0.0
0.0
0.0
0.0
0.0
0.016718293104295817
0.0
0.0
0.0003456436756185275
0.0
0.0
0.0
0.0
0.0003127252303215249
0.0
0.0
0.0
0.0
0.0
0.0
0.0
0.0
0.0
0.0
0.0
0.000213969894430517
0.0
0.0
0.0
0.0
0.000213969894430517
0.002236636509899035
0.0
0.0
0.0
0.0
0.0
0.0
0.0
0.0
0.0
0.0
0.0
3.127252303215249e-05
0.0
3.621028982670288e-05
0.0
0.0
0.0
0.0
0.0
0.0
0.0
0.0
0.010618375350025721
0.0
0.0
0.0004970303355331188
0.0
0.0
0.0
0.0
0.0
0.0
0.0008359146552147908
0.0
0.0
0.007681377912784565
0.0004937766794550392
0.0
0.0
0.0
0.0
0.0
0.0
0.0
0.0
0.0
0.0
0.0
0.0
0.0
0.006325840634057877
0.0
0.0
0.0
0.0
0.0
0.0
0.0
0.0
0.0
0.0
0.0
0.0
0.0
0.0
0.0
0.0
0.0
0.0
0.0
0.0
0.0
0.0
0.0
0.0
0.0
0.0
0.0
0.0
0.0
7.900426871280628e-05
0.0
0.0
0.0
0.0
0.000213969894430517
0.008359146552147909
0.0
0.0011296143989389066
0.0
0.007003609273421221
0.0
0.0
0.0
0.0
0.0
0.0
0.0
0.0
0.0
0.0
0.0
0.0
0.0
0.0
0.0
0.0
0.0002468883397275196
0.0
0.0
0.0
0.0
0.0
0.0003127252303215249
0.011296143989389065
0.0
0.00041148056621253274
0.0
0.0
0.0
0.00012179824759890969
0.0
0.0
0.0
0.0
0.0
0.0
0.0
0.0
0.0
0.0
0.0
0.0
0.0
0.0
0.0
0.0
0.0
0.0
0.0
0.0
0.00044439901150953535
0.0006089912379945485
0.0
0.0
0.0
0.0
0.0
0.0
0.0
0.0
0.0
0.0003950213435640314
0.0
0.0
0.0
0.01897752190217363
0.0
0.0
0.0
0.0
0.0003127252303215249
0.0
0.0
0.0
0.0
6.91287351237055e-05
0.0
0.0
0.0
0.0
0.0
5.431543474005432e-05
0.00041148056621253274
0.0
0.0
0.0
0.0
0.0
0.0
0.000213969894430517
0.0
0.0
8.065019097765641e-05
0.0
0.0
0.0
0.00029626600767302357
0.0
0.0
0.0
0.0
0.0
0.0
0.0
0.0
0.0
0.0007406650191825589
0.0005596135700490445
0.0
0.0
0.0
0.0
0.0
0.0
0.0
0.0
0.0
0.0
0.0
0.0
0.0007455455032996783
0.0
0.0
0.0
0.0
0.0
0.0
0.0
0.0
0.0
0.0
0.0
0.0
0.0
0.0
0.0
0.0
0.0
0.0005873994874482314
0.0
0.0
0.0
0.0
0.0
0.0004937766794550392
0.0
8.229611324250654e-05
0.0
0.0005431543474005432
0.0
0.0
0.0
0.0
0.0
0.0
0.0003127252303215249
0.0
0.0
0.0
0.0
0.0
0.0
0.0
0.0
0.0
0.0
0.0
0.0
0.0
0.0
0.0
0.0
0.0
0.0
0.0
0.0
0.0
0.00027980678502452223
0.0
0.0
0.0
0.0
0.0
0.0
0.0
0.0
0.0
0.0
0.0
0.0
0.0
0.0
0.0
0.0005873994874482314
0.0
0.0
0.0
0.0
0.0005596135700490445
0.0
0.0
0.0003785621209155301
0.0
0.0
0.0
0.0004970303355331188
0.0003785621209155301
0.00026334756237602095
0.0
0.0
0.0006551763513845658
0.0
0.0
0.0
0.0
0.0
0.0
0.0
0.0
0.0003621028982670288
0.0
0.0
0.0
0.0
0.0
0.0
0.0
0.0
0.0
0.0
0.0
0.0
0.0
0.0
0.0
0.0
0.0
0.0
0.0
0.0
0.0
0.0
0.0
0.0
0.0002468883397275196
0.0
0.0
0.0
0.0006325840634057876
0.0
0.0009352941951716236
0.0
9.546349136130759e-05
0.00044439901150953535
0.0
0.0
0.0
0.0
0.0
0.0
0.0
0.0
0.0
0.0
0.0
0.0
0.0
0.0
0.0003456436756185275
0.0
0.0
0.0
0.0
0.0
0.000641909683291551
0.0
0.0
0.0003785621209155301
0.0
0.0
0.0
4.7731745680653795e-05
0.0
0.0
0.0003621028982670288
0.0
0.0
0.0
0.0
0.0
0.0
0.0
0.0
0.0
0.0
0.0
0.0
0.0
0.0
0.0
0.0
0.0
0.0
0.0
0.0
0.0
0.0
0.0001975106717820157
0.0
0.0
0.0
0.0
0.0
0.00519622623511897
7.242057965340576e-05
0.0
0.0
0.0
0.0
0.0
0.0
0.0
5.1023590210354056e-05
0.0
0.0
0.0
0.0
0.0
0.0
0.0
0.0
0.0
0.0006089912379945485
0.0
0.0
0.0
0.0
0.0
0.0
0.0
0.0
0.0
0.0
0.0
0.0
0.0
0.0
0.0
0.0
0.0
0.0
0.0
0.0
0.0
0.0
0.0007455455032996783
0.0
0.0
0.0
0.0
0.0
0.0
0.0
0.0
0.0
0.0
0.0
0.0
0.0
0.0
0.0
0.0
0.0
0.0
4.6085823415803664e-05
0.0
0.0
0.0
0.0
0.0
0.0
4.9377667945503925e-05
0.0
0.0
0.0
0.0
0.0
0.0
0.0
0.0
0.0
0.0
3.127252303215249e-05
0.0
0.0
0.0
0.0
0.0
0.0
0.0
0.0
0.0
0.0
0.0
0.0
0.0
0.0
0.0
0.0
0.0
0.0
0.0
0.0
0.0
0.0
0.002259228797877813
0.0
0.0
0.0
0.0
0.0
0.0
0.0
0.0
0.0
0.0
0.0
0.0
0.0
0.0
0.0
0.0
0.0
0.0
0.0
0.0
0.0
0.0
0.0
0.0
0.0
0.0
0.0
0.0
0.0
0.0
0.0
0.0
0.0
0.0
0.0
0.0
0.0
0.0
0.0
0.0
0.0
0.0
0.0
6.748281285885537e-05
0.0
0.0
0.0
0.0
0.0
0.0
0.0
0.0
0.0
0.0
8.887980230190707e-05
0.0
0.0
0.0
0.0
0.0
0.0
0.0
5.9253201534604716e-05
0.0
0.0
0.0
0.0
0.0
0.0
0.0
0.0
0.0
0.0
0.0
0.0
0.0
0.0
0.0
0.0
0.0
0.0
0.0
0.0
0.0
0.0
0.0
0.0
0.0
0.0
0.0
0.0
0.0
0.0
0.0
0.0
0.0
0.0
0.0
0.0
0.0
0.0
0.0
0.0
0.0
0.0
0.0
0.0
0.0
0.0
0.0
0.0
0.0
0.0
2.9626600767302358e-05
0.0
0.0
0.0
0.0
0.0
0.0
0.0
0.0
0.0
0.0
0.0
0.0
0.0
0.0
0.0
0.0
0.0
0.0
0.0
0.0
0.0
0.0
0.0
0.0
0.0
0.0
0.0
0.0
0.0
0.0
0.0
0.0
0.0
0.0
0.0
8.887980230190707e-05
0.0
0.0
0.0
0.0
0.0
0.0
5.7607279269754585e-05
0.0
0.0
0.0
0.0
0.0
0.0
0.0
0.0
0.0
0.0
0.0
0.0
0.0
0.0
0.0
0.0
0.0
0.0
0.0
0.0
0.0
0.01039245247023794
0.0
0.0
0.0
0.0
0.0
0.0
0.007681377912784565
0.0
0.011747989748964627
0.0
0.0
0.0
0.0
0.0
0.0
0.0
0.0
0.0
0.0
0.0
0.0
0.0
5.1023590210354056e-05
-3.5565767083924904e-20
0.0
0.0
0.0
0.0
0.0
0.0
0.0
-3.5565767083924904e-20
0.0
0.0
0.0
0.0
0.0
0.0
0.0
0.0
0.0
0.0
0.0
0.0
0.0
0.0
0.00519622623511897
0.0
0.0
0.0
0.0
0.0
0.0
0.0
0.0
0.0
0.0
0.0
0.0
-7.113153416784981e-20
-3.5565767083924904e-20
0.0
0.0
0.0
0.0
0.0
0.0
0.0
0.0
0.0
0.0
0.0
0.0
0.0
0.0
0.0
0.0
0.0
0.0
-3.5565767083924904e-20
0.0
0.0
0.0
0.0
0.0
0.0
0.0
0.0
0.007003609273421221
0.00011192271400980891
0.0
0.0
0.0
0.0
0.0
0.0
0.0
1.3661154798256087e-05
0.0
0.0
0.0
0.0
0.0
0.0
0.0
8.55879577722068e-05
0.0
0.0
0.0
0.0
5.5961357004904455e-05
0.0
0.0
0.0
0.0
0.0
0.0
0.0
0.0
0.0
0.0
0.0
0.0
0.0
0.0
0.0
0.0
0.0
0.0
0.0
0.0
0.0
0.0
0.0
0.0
0.0
0.007229532153209001
0.0
0.0
0.0
0.0
0.0
0.0
0.0
0.0
0.0
0.0
0.0
0.0
0.0
0.0
0.0
0.0
0.0
0.0
0.008359146552147909
0.0
0.0
0.0
0.0
0.0
0.0
0.0
0.0
0.0
0.0
0.0
0.0
0.0
0.0
0.0
0.0
0.0
0.0
0.0
0.0
0.0
0.0
0.0
0.0
0.0
0.0
0.0
0.0
0.0
0.0
7.571242418310602e-05
0.0
0.0
0.0
0.0
0.0
0.0
0.0
0.0
0.0
0.0
0.0
0.0
0.0
0.0
0.0
7.406650191825589e-05
0.0
0.0
0.0
0.0
0.0
0.0
0.0
0.0
0.0
5.7607279269754585e-05
3.621028982670288e-05
0.0
0.0
0.0
0.0
0.0
0.0
0.0
0.0
0.0
3.291844529700262e-05
0.0
0.0
0.0
0.0
0.0
0.0
0.0
0.0
0.0
0.0
0.0
0.0
0.0
0.0
0.0
0.0
0.0
0.0
0.0
0.0
0.0
0.0
0.0
0.0
0.0
0.0
0.0
0.0
0.0
0.0
0.0
0.0
0.0
0.0
0.0
0.0
0.0
0.0
0.0
0.0
0.0
0.0
0.0
0.0
0.0
0.0
0.0
0.0
0.0
0.0
0.0
0.0
0.007681377912784565
0.0
0.0
0.0
0.0
0.0
0.0
0.0
0.0
0.0
0.0
0.0
0.0
0.0
0.0
0.0
0.0
0.0
0.0
0.0
0.0
0.0
0.0
0.0
0.0
0.0
0.0
0.0
0.0
0.0
0.0
3.127252303215249e-05
0.0
0.0
0.0
0.0
0.0
0.0001234441698637598
0.0
0.0
0.0
0.0
0.0
0.0
0.0
0.0
0.0
0.0
0.0
0.0
0.0
0.0
0.0
0.0
0.0
0.0
0.0
0.0
0.0
0.0
0.0
0.0
0.0
0.0
0.0
0.0
0.0
0.0
0.0
0.0
3.950213435640314e-05
0.0
0.0
0.0
0.0
0.0
0.007681377912784565
0.0
0.0
0.0
0.0
5.431543474005432e-05
0.0
0.0
0.0
0.0
0.0
0.0
0.0
0.0
0.0
0.0
0.0
0.0
0.0
0.0
0.0
0.0
0.0
0.0
0.0
0.0
0.0
0.0
0.0
0.0
0.0
0.0
0.0
0.0
0.0
0.007229532153209002
0.007003609273421221
0.0
0.0
0.0
0.0
0.0
0.0
0.0
0.0
0.0
0.0
0.0
0.0
0.0
0.0
0.0
0.0
0.0
0.0
0.0
0.0
0.0
0.0
0.0
0.0
0.0
0.0
0.0
0.0
0.0
0.0
0.0
0.0
0.0
0.006777686393633439
0.0
0.0
0.0
0.0
0.0
0.0
0.0
0.0
0.0
0.018299753262810286
0.0
0.0
0.0
0.0
0.0
0.0
0.0
0.0
0.0
0.0
0.0
0.0
0.0
0.0
0.0
0.0
0.0
0.0
0.0
0.0
0.0
0.0
0.0
0.0
0.0
0.0
0.0
0.0
0.0
0.0
0.0004937766794550392
0.0
0.0
0.004970303355331189
0.0
0.0
0.0
0.008133223672360126
0.0
0.0
0.0
0.0008133223672360127
0.0
