5.1497943288941034e-21
0.00012392826464753924
0.0015375023131258961
0.00030750046262517926
0.00035984096690180547
0.0
0.0007523947489765024
0.0
0.0009813844551867423
0.0002976866180733118
0.0005234050427662625
0.0
0.0
4.051500959631091e-05
0.0013412254220885476
0.0010777601445827233
0.0
0.0
0.0
0.0
0.0
0.0004906922275933712
0.0004906922275933712
0.0
0.0
0.001210374161396982
5.9580896465163105e-05
0.00021925769899180022
0.0
0.0003925537820746969
0.0
0.0005234050427662625
0.0
0.0005561178579391539
0.0
0.0
0.0
0.0018973432800277017
0.0009159588248409595
0.0003925537820746969
0.0007523947489765024
0.0
0.0007196819338036109
0.0
0.0005234050427662625
0.0013739382372614391
0.00019627689103734845
0.00021917586165837242
0.0
0.00016683535738174618
6.91138398995892e-05
0.00209362017106505
0.0
0.00010140972703596337
0.0004906922275933712
0.0005561178579391539
0.0
0.0
0.0
0.0007523947489765024
0.0
0.0
0.0004579794124204797
0.00025843123986584213
0.0006215434882849368
0.0003925537820746969
0.00021263329862379414
0.00015702151282987877
0.0009159588248409595
0.002388035507621073
0.0
0.0
0.00021263329862379414
0.004579794124204797
0.0
0.0006869691186307196
0.0
0.0
0.0
0.0007851075641493938
0.0007196819338036109
0.0
4.766471717213048e-05
0.0
0.0014066510524343306
0.0
0.0008178203793222852
0.0004252665972475883
0.0002224471431756616
0.00035984096690180547
0.0005888306731120453
0.0003925537820746969
0.0011776613462240906
0.0005561178579391539
0.0009486716400138508
0.00020609073558921587
0.0
0.00014720766827801133
4.579794124204797e-05
0.0016683535738174619
2.6215594444671766e-05
0.0003107717441424684
0.0009813844551867423
0.0004252665972475883
0.0
0.0
0.0005561178579391539
0.0009813844551867423
0.0
0.0002486173953139747
0.0009813844551867423
0.0
0.00015047894979530047
0.0008505331944951766
0.0008505331944951766
0.001602927943471679
0.0008178203793222852
3.8131773737704385e-05
0.00026170252138313127
0.0005234050427662625
0.00018319176496819187
8.83246009668068e-05
7.523947489765023e-05
0.0
0.00012154502878893273
0.00035984096690180547
0.0005561178579391539
0.0009813844551867423
0.00021917586165837242
0.0011122357158783079
0.0010140972703596336
0.0010140972703596336
0.0008178203793222852
0.0004579794124204797
7.86467833340153e-05
6.215434882849368e-05
0.0
0.00035984096690180547
0.0004252665972475883
0.00028460149200415524
6.673060404098267e-05
0.00012430869765698736
0.0001046810085532525
0.0006542563034578282
0.00017010663889903532
0.0
0.00028460149200415524
0.0023553226924481812
0.00012103741613969821
0.00015702151282987877
0.0
0.00026170252138313127
0.0
6.196413232376963e-06
0.00014066510524343305
2.859883030327829e-05
0.0
0.0011122357158783079
0.0
0.00019300560952005932
0.00020281945407192673
0.0013739382372614391
0.0009159588248409595
0.0002911440550387335
0.0
0.0009159588248409595
0.00015375023131258963
0.0004579794124204797
0.0009159588248409595
0.0014066510524343306
0.0001439363867607222
0.0
0.00010724561363729359
0.00011449485310511993
0.0011449485310511993
0.0
0.0
0.0008505331944951766
0.0
0.0011449485310511993
0.0004252665972475883
0.0010140972703596336
0.0025188867683126385
0.0012757997917427649
0.0004252665972475883
0.002649738029004204
0.0
0.00012103741613969821
0.0
0.0005888306731120453
0.0008178203793222852
0.0
0.0
0.0
0.0007523947489765024
0.0
0.0
0.0
0.0002224471431756616
0.0008178203793222852
0.0004579794124204797
0.0
0.00025843123986584213
0.0006542563034578282
0.0
0.0008178203793222852
4.051500959631091e-05
0.0002453461137966856
0.0002224471431756616
0.00014066510524343305
0.0
2.859883030327829e-05
0.0
0.0
0.00018319176496819187
0.0003271281517289141
0.0
0.00030095789959060093
0.0002911440550387335
0.0
0.0
0.0
0.0
0.0005561178579391539
0.0
0.000186463046485481
0.0005888306731120453
0.0
0.00022898970621023986
0.001210374161396982
6.196413232376962e-05
0.00018319176496819187
0.00012430869765698736
0.000209362017106505
-5.1497943288941034e-21
0.000883246009668068
0.0
0.0
0.00019627689103734845
7.388031161680224e-05
0.0001766492019336136
0.0003271281517289141
0.0007523947489765024
0.0003271281517289141
0.0009486716400138508
0.0
0.002028194540719267
0.0005234050427662625
0.0
0.0017010663889903532
0.0004579794124204797
0.0011776613462240906
0.0004906922275933712
0.0
0.00015702151282987877
0.0011122357158783079
2.6215594444671766e-05
0.0
0.0
0.0
0.0009486716400138508
0.00035984096690180547
0.0
0.0010795229007054164
0.0005888306731120453
0.0
0.0
0.0009813844551867423
0.0002715163659349987
0.0011122357158783079
0.0005234050427662625
0.00013412254220885477
0.0004906922275933712
0.000883246009668068
0.0010140972703596336
0.0010795229007054164
0.0007851075641493938
5.004795303073701e-06
0.0
0.0
0.0006215434882849368
0.0007851075641493938
0.0006215434882849368
0.0
6.91138398995892e-05
0.0009159588248409595
0.0
0.0
0.0001602927943471679
0.0006215434882849368
0.0008178203793222852
0.0006215434882849368
0.0
5.4814424747950056e-05
0.0
0.0008178203793222852
0.0010795229007054164
0.0014393638676072219
0.00011776613462240907
0.0004252665972475883
0.0
0.0
0.0
0.001210374161396982
0.0005234050427662625
0.0
7.626354747540877e-05
5.004795303073701e-05
0.0004906922275933712
0.0
0.0006215434882849368
0.001210374161396982
0.0007851075641493938
6.673060404098267e-06
0.0
0.0006542563034578282
0.0
0.0013085126069156564
0.0010795229007054164
1.4299415151639145e-05
0.00012103741613969821
0.0
0.0009813844551867423
9.532943434426096e-06
0.0003925537820746969
0.0
0.00012103741613969821
0.0
0.00014720766827801133
0.001210374161396982
0.0006215434882849368
0.0015702151282987876
0.0005561178579391539
0.0
0.0004906922275933712
0.0005888306731120453
0.0
0.0002715163659349987
0.0
0.0006869691186307196
0.0012430869765698736
0.0
0.0008505331944951766
0.0004579794124204797
7.86467833340153e-05
0.0007523947489765024
0.00012103741613969821
0.00029441533655602265
0.0008832460096680681
0.0
0.0003925537820746969
7.86467833340153e-05
0.0001275799791742765
0.0004906922275933712
0.00030095789959060093
0.0004252665972475883
8.817972676844139e-05
0.0004906922275933712
0.0
0.0006542563034578282
0.00015047894979530047
0.001995481725546376
0.0
0.00018646304648548104
0.0002976866180733118
0.0007196819338036109
0.00012103741613969821
0.0003271281517289141
7.149707575819572e-05
0.0004906922275933712
0.0006215434882849368
0.0005888306731120453
0.0003042291811078901
6.542563034578282e-05
0.0003107717441424684
0.00035984096690180547
0.0
0.00018973432800277018
0.0005888306731120453
0.001602927943471679
0.0001275799791742765
0.0003042291811078901
5.8883067311204535e-05
0.0007523947489765024
0.0
0.00020281945407192673
0.0005888306731120453
0.0
0.0021590458014108327
0.0004252665972475883
9.813844551867423e-05
0.0008178203793222852
7.626354747540877e-05
0.0007523947489765024
0.0
0.0008505331944951766
0.0005234050427662625
0.0007851075641493938
0.0004252665972475883
0.0003925537820746969
0.0006869691186307196
0.0
0.00021917586165837242
0.0007523947489765024
0.0004579794124204797
9.294619848565444e-06
0.0003925537820746969
6.215434882849368e-05
-1.2874485822235259e-21
0.00209362017106505
9.813844551867423e-05
0.0
0.003598409669018055
0.00015702151282987877
0.0004906922275933712
0.0005561178579391539
0.0008505331944951766
6.91138398995892e-05
0.0004579794124204797
7.149707575819572e-05
0.0006869691186307196
0.00010724561363729359
0.00035984096690180547
0.00012103741613969821
0.0
0.00015702151282987877
0.0001373938237261439
0.001831917649681919
8.579649090983487e-05
0.0001275799791742765
0.001046810085532525
0.0007523947489765024
0.001046810085532525
0.00035984096690180547
0.0
0.00014720766827801133
8.817972676844139e-05
0.0008178203793222852
0.0005561178579391539
0.0012430869765698736
0.0
0.00010795229007054164
0.0
5.719766060655658e-05
0.0
4.766471717213048e-05
0.0010140972703596336
0.0001602927943471679
0.0022898970621023987
0.0004906922275933712
0.0022244714317566157
0.00010795229007054164
4.528148131352396e-05
0.0
0.0
0.0004906922275933712
0.00010140972703596337
0.0014393638676072219
7.388031161680224e-05
0.00018646304648548104
0.0006869691186307196
0.00018646304648548104
2.859883030327829e-05
0.00018646304648548104
0.002028194540719267
7.851075641493938e-05
0.0031731430717704665
0.003598409669018055
0.0013739382372614391
7.19681933803611e-05
0.00019627689103734845
0.0008832460096680681
0.0001275799791742765
0.0011776613462240906
0.0013085126069156564
0.0
0.002060907355892159
0.0011776613462240906
0.0004906922275933712
9.056296262704792e-05
4.528148131352396e-05
0.0008505331944951766
8.83246009668068e-05
8.505331944951766e-05
0.00035984096690180547
0.0003925537820746969
-1.0299588657788207e-20
0.0
5.004795303073701e-05
0.0005234050427662625
0.0002224471431756616
0.0001046810085532525
0.00035984096690180547
0.0
0.00018646304648548104
7.388031161680224e-05
0.0004579794124204797
0.0007523947489765024
0.0004906922275933712
0.0017337792041632446
0.0006215434882849368
0.00012430869765698736
0.0
0.00018973432800277018
0.0006869691186307196
9.486716400138509e-05
0.0008505331944951766
0.0004252665972475883
0.00014720766827801133
0.0012430869765698736
0.0
0.0
0.0001046810085532525
0.0008832460096680681
0.00032385687021162495
1.572935666680306e-05
0.0004252665972475883
0.0007523947489765024
0.0008178203793222852
0.0007523947489765024
0.0
0.0008505331944951766
0.00012103741613969821
0.0003271281517289141
0.0006869691186307196
0.0013412254220885476
0.0004579794124204797
0.0
0.0
0.0
0.00018973432800277018
0.0002747876474522878
0.0003925537820746969
0.0007851075641493938
0.002486173953139747
6.673060404098267e-05
0.0013739382372614391
0.0
0.00035984096690180547
0.002420748322793964
0.0008832460096680681
6.215434882849368e-05
0.0005888306731120453
0.00026068350916158854
8.505331944951766e-05
0.0006215434882849368
0.0005234050427662625
6.673060404098267e-05
0.0
0.001831917649681919
0.0002224471431756616
0.0009486716400138508
0.0004579794124204797
0.0013085126069156564
0.0009159588248409595
0.0
0.0
0.0007196819338036109
0.0
0.00016683535738174618
6.542563034578282e-05
0.0
0.0004252665972475883
0.0007851075641493938
0.0022898970621023987
9.486716400138509e-05
0.00018973432800277018
0.0002976866180733118
5.719766060655658e-06
0.0
0.00023880355076210728
0.0008505331944951766
0.0005561178579391539
0.0002813302104868661
0.0028133021048686612
9.159588248409594e-05
6.196413232376962e-05
0.00023880355076210728
0.0008505331944951766
0.002649738029004204
0.00023880355076210728
0.0
0.0004579794124204797
0.0002486173953139747
0.0
-1.2874485822235259e-21
0.0005561178579391539
0.0004579794124204797
0.0006215434882849368
0.0013412254220885476
0.0
0.0005234050427662625
0.00035984096690180547
0.0
0.0002224471431756616
6.673060404098267e-05
0.0008832460096680681
8.341325505122834e-05
0.002388035507621073
0.0009813844551867423
8.817972676844139e-05
0.0002878727735214444
0.0004252665972475883
-1.0299588657788207e-20
0.0001286947363647523
0.0006542563034578282
0.00016356407586445704
0.0
0.0005561178579391539
1.0486237777868707e-05
0.0
0.0008178203793222852
0.0005888306731120453
0.0006869691186307196
0.0025843123986584214
0.0004579794124204797
0.0005561178579391539
0.00011449485310511993
0.0003925537820746969
0.0
0.0005561178579391539
0.0
0.0
0.0009159588248409595
0.0014720766827801134
0.0004579794124204797
0.0
0.0008505331944951766
0.0007851075641493938
0.0003271281517289141
0.0005888306731120453
0.0013739382372614391
0.0
0.0
0.00022898970621023986
0.0
0.0
0.0
0.0
2.0599177315576414e-20
0.0
0.0
0.0013412254220885476
0.0015047894979530049
0.0
0.0011122357158783079
0.00010140972703596337
0.0005561178579391539
0.0017664920193361361
0.0
0.0
0.0
0.0009813844551867423
0.00012103741613969821
0.0
0.0
0.0004252665972475883
0.0
0.00011449485310511993
0.0003271281517289141
0.0009486716400138508
0.0003205855886943358
0.00016356407586445704
3.3365302020491336e-05
0.0
0.0010795229007054164
0.0011776613462240906
0.0008178203793222852
0.00026824508441770955
0.0
0.0
0.0
0.0008178203793222852
0.0
-8.239670926230566e-20
0.00024207483227939642
0.0
9.486716400138509e-05
0.0019300560952005932
0.0001046810085532525
0.0011776613462240906
0.00011449485310511993
0.0
3.8131773737704385e-05
0.0006869691186307196
0.0
0.0
0.0
0.00019300560952005932
0.0017992048345090274
0.0
0.0017992048345090274
0.0018973432800277017
0.0
0.0007523947489765024
0.0
0.0005561178579391539
0.00035984096690180547
0.0002911440550387335
0.0009159588248409595
0.00012430869765698736
2.1925769899180024e-05
0.0006215434882849368
0.0
0.0
0.0
0.0
0.0
0.0
0.0008505331944951766
0.0019300560952005932
0.0004579794124204797
0.0005888306731120453
0.0
0.002715163659349987
0.0005234050427662625
0.0
0.00026170252138313127
0.0007196819338036109
0.0
-8.239670926230566e-20
0.0013739382372614391
0.0008505331944951766
0.0
0.0
0.002060907355892159
0.0007851075641493938
0.0010795229007054164
0.00018319176496819187
0.0
0.00015014385909221101
0.0
-5.1497943288941034e-21
0.0005888306731120453
0.0004252665972475883
0.0
0.0
0.0010795229007054164
0.0
0.00035984096690180547
0.00035984096690180547
0.0014720766827801134
0.0004252665972475883
8.178203793222852e-05
0.0004906922275933712
0.0004579794124204797
0.0012757997917427649
0.0
0.0
0.00035984096690180547
0.0
0.0006869691186307196
0.0003925537820746969
0.0
0.0007523947489765024
0.0
0.0003925537820746969
0.0002224471431756616
0.0002715163659349987
5.56117857939154e-05
0.0
0.0
0.0
1.1677855707171969e-05
0.00010140972703596337
-1.0299588657788207e-20
0.00013085126069156564
0.0004252665972475883
0.0
0.0
0.0
-8.239670926230566e-20
8.83246009668068e-05
0.0
0.0
0.0
0.0005888306731120453
0.002028194540719267
-1.2874485822235259e-21
0.0
0.0
0.0008505331944951766
0.0
0.0
0.0
1.0299588657788207e-20
0.0
0.0
0.0006851575607825782
0.0
0.0013412254220885476
0.0
0.0
0.0
0.0
0.0
0.0
0.0
0.0
0.0
0.0003925537820746969
0.0011122357158783079
0.0
0.0
0.0
0.0
0.0
0.0
0.0
0.0
0.0
0.000209362017106505
0.0
0.001046810085532525
0.0
0.0
0.0
0.0
0.0
0.0
0.003271281517289141
0.002976866180733118
0.0
0.0
0.0006869691186307196
0.00018973432800277018
0.0
0.0
0.0
0.0
0.0
0.0005561178579391539
0.0
0.0
0.0
0.0
0.0
0.0
0.0
0.0
0.0
0.0
-8.239670926230566e-20
0.0
0.0
0.0
0.0013412254220885476
0.0
0.0
0.0
0.0
0.0
0.0
0.0004579794124204797
0.00016683535738174618
0.0004252665972475883
-5.1497943288941034e-21
0.0
0.0
0.0004906922275933712
0.0
-1.0299588657788207e-20
0.0
0.0
0.0
0.0
0.0
7.149707575819572e-05
0.0
0.0
0.0
0.0
0.0
0.0
0.0
0.0
0.0
0.0
0.0
0.0
0.0
0.0
0.0
0.0007523947489765024
0.0
0.0
-5.1497943288941034e-21
0.0
-1.0299588657788207e-20
0.0
0.0
0.0
0.001602927943471679
0.0
0.0005234050427662625
0.0
0.0004579794124204797
0.0
0.0002715163659349987
0.0
0.0
0.0
0.0
0.0006869691186307196
0.0
0.0
0.0004906922275933712
0.0
0.002976866180733118
0.002028194540719267
9.159588248409594e-05
0.0
0.0
0.0
0.0
0.0
0.0
0.0007851075641493938
0.0
0.0
0.0
-8.239670926230566e-20
0.0
0.0
-5.1497943288941034e-21
0.0
0.0
0.0
0.0
0.0
0.0
0.0
0.0
1.0299588657788207e-20
0.0
0.0010795229007054164
0.0
0.0027805892896957695
0.0
0.0
0.0
0.00018973432800277018
0.002420748322793964
0.0005561178579391539
2.0599177315576414e-20
0.0
0.0
0.0
0.0
0.0
7.851075641493938e-05
0.0005234050427662625
0.0
0.0
0.0017337792041632446
0.0
0.0
0.0
0.0
0.0
0.0
3.3365302020491336e-05
0.0
0.0
0.0
-1.0299588657788207e-20
0.0
0.0
0.0
0.0
0.0
0.0
0.0
0.0004579794124204797
0.0
0.0
0.0
0.0
0.0
0.0
0.0
0.0
0.0
0.0
0.0
0.0016683535738174619
0.0
0.0030095789959060097
0.0
0.0025515995834855297
0.0
0.0
0.0
4.119835463115283e-20
-8.239670926230566e-20
0.0
0.0
0.0
0.0
0.0
0.0
0.0
0.0029114405503873355
0.0
0.0
0.0
0.0
0.0
0.0
0.0
0.0
0.0
0.0
0.0007851075641493938
0.00025188867683126386
0.0
0.0
0.0
0.0
-8.239670926230566e-20
0.0
0.0
0.0006542563034578282
0.0
0.00013085126069156564
-1.0299588657788207e-20
0.0
0.0
0.0
0.0
0.0
0.0005561178579391539
0.0
0.0
0.0006869691186307196
0.0
0.0
0.0
0.0
0.0
0.0
0.0
0.0
0.0
0.0
0.0
0.0
0.0
0.0012430869765698736
0.0
0.0
0.0
0.0
0.0
0.0
0.0
0.0004579794124204797
0.0
0.0
0.0
0.0
0.0
0.0
0.0
0.0
0.0
3.295868370492226e-19
0.0
0.0
0.0
0.0
0.0
0.0
-1.0299588657788207e-20
0.0
0.0015702151282987876
0.0
0.0
-5.1497943288941034e-21
0.0
0.0017992048345090274
0.0
0.0
0.0
0.0
0.0
0.0
0.0
0.00015047894979530047
0.0
0.0
0.0
0.0
0.0
0.0
0.0
0.000232260987727529
0.0
0.0
3.098206616188481e-05
0.0
-1.0299588657788207e-20
-5.1497943288941034e-21
0.0
0.0
0.0026824508441770953
0.0
0.0
0.0014066510524343306
0.0
0.0
0.001046810085532525
0.0
0.0
0.0
0.001046810085532525
0.0
0.0
0.0
0.0
0.0
0.0
0.0
0.0
-1.647934185246113e-19
0.0
0.0
0.0
0.0014393638676072219
0.0
0.0011449485310511993
0.0009813844551867423
0.0
0.00019300560952005932
0.0
0.0
0.0
0.0
0.0
0.00018319176496819187
0.0
0.0
0.0
-2.5748971644470517e-21
0.0
0.0
0.0027478764745228782
0.0
6.91138398995892e-06
0.0
0.0
0.0
0.0
0.0
0.0008832460096680681
0.0
0.00021263329862379414
0.0
0.0
0.0
0.0
0.00012430869765698736
0.0
-8.239670926230566e-20
0.0002453461137966856
0.00010140972703596337
0.0009159588248409595
0.0
0.0
0.0
0.0
0.0
0.0
0.0
0.0
0.0004252665972475883
6.196413232376963e-06
7.523947489765023e-05
0.0
0.0
0.0
0.0
0.0
0.0
0.0
0.0
4.119835463115283e-20
0.0
0.0
0.0
0.0
0.0008178203793222852
0.0004906922275933712
0.0
0.0
0.0
0.0
0.0
-1.0299588657788207e-20
0.0
0.0
0.0
0.0
-2.0599177315576414e-20
0.0
0.0
0.0
0.0
0.0
-8.239670926230566e-20
0.0
0.0
7.149707575819572e-05
0.0
0.001046810085532525
0.0
0.0
0.0
0.0
0.0
3.574853787909786e-05
6.196413232376962e-05
0.0
0.0
0.0
0.0
0.002486173953139747
0.0
0.0
0.0
5.234050427662625e-05
0.0
0.0028133021048686612
0.0
0.0006869691186307196
0.0
0.0025515995834855297
0.0011122357158783079
0.0
0.0
0.0
0.0
0.0004252665972475883
0.0
0.0
0.0
0.0
0.0014393638676072219
0.0
0.0001373938237261439
0.0
0.0
0.0
0.0
0.0
0.0004906922275933712
7.86467833340153e-05
0.0
0.00018973432800277018
0.0006542563034578282
3.574853787909786e-05
0.0
0.0
0.0
0.0
0.0
0.0
0.0
0.00021917586165837242
0.0
-1.0299588657788207e-20
0.0
0.0
0.0
0.0004252665972475883
0.0012757997917427649
0.0
0.0
0.0
0.0
0.0
-2.0599177315576414e-20
0.0
0.0
0.0007196819338036109
0.0
-2.0599177315576414e-20
0.0
0.0
0.0
0.0
0.0
0.0
0.0
0.0
0.0
0.0
0.0
0.0026824508441770953
0.002486173953139747
0.0014720766827801134
0.0013739382372614391
0.0
0.0
0.0
0.0
0.0
0.0
0.0
0.0
0.0006215434882849368
0.0
0.0
0.0022244714317566157
0.00019627689103734845
8.817972676844139e-05
0.0
0.0
0.0021263329862379414
0.0
0.0
0.0
-8.239670926230566e-20
2.0599177315576414e-20
0.0
0.0
-1.0299588657788207e-20
0.0
0.0
5.004795303073701e-06
0.0011122357158783079
0.0
0.0
0.0
0.0
0.0
0.0
0.0014393638676072219
0.0
0.0
0.0
0.0021263329862379414
0.0
2.6215594444671766e-05
0.0
0.0
0.0
0.0
0.0
0.00022571842469295072
0.0
0.0
0.0
0.0
6.434736818237615e-05
0.0003925537820746969
2.5748971644470517e-21
0.0
0.0019627689103734846
-2.0599177315576414e-20
0.0
0.0
0.0
0.0
0.0
0.0
0.0
-1.0299588657788207e-20
0.0
0.0027478764745228782
0.0
0.0
0.0
0.0
0.0
0.0
0.0
0.0
0.0
0.0
0.0
0.0
0.0
0.0007196819338036109
0.0019300560952005932
0.0
0.0
0.0005234050427662625
0.0
0.0
0.0
0.0003205855886943358
0.0
0.0
0.0
0.0
0.0
0.0
0.0
0.0
0.0
0.0
0.0
-6.437242911117629e-22
0.0
0.0
0.0
0.0
0.0
0.0
0.0
0.0
0.0
5.1497943288941034e-21
0.0
-8.239670926230566e-20
0.0
0.0009486716400138508
0.0
0.0
0.0
0.0
0.0003925537820746969
0.0
0.00010962884949590011
0.0
-2.0599177315576414e-20
0.0
0.0
0.0
0.0
0.0
0.0
0.0
0.0
0.0
0.0
-1.0299588657788207e-20
0.0
0.0
0.0
0.0
0.0
0.0
0.0
0.0
0.0
0.0
0.00014299415151639144
0.0
0.0025188867683126385
0.0
4.528148131352396e-05
0.0
0.0
0.0
0.0
0.0
0.0
0.0
-5.1497943288941034e-21
0.0
0.0021590458014108327
0.0
0.0004906922275933712
0.0
0.0
0.0
0.0
0.0
0.00021263329862379414
0.0007523947489765024
0.0
0.0
0.0
0.00018319176496819187
-8.239670926230566e-20
0.0
0.0
0.00010795229007054164
0.0
0.0
-2.0599177315576414e-20
0.0
0.0018973432800277017
0.0
0.0
0.0
0.0
0.0
0.0
0.0018646304648548102
0.00014537738737499797
0.00011776613462240907
0.0
0.0
-8.239670926230566e-20
0.0007851075641493938
0.00035984096690180547
0.0
0.0
0.0
0.0
0.0
0.0006542563034578282
0.0
0.0010795229007054164
0.0015375023131258961
0.0009486716400138508
0.0
0.0
0.00021590458014108328
2.0599177315576414e-20
0.0
0.0
0.0
0.0
0.0
0.0
0.0
0.0
0.0006215434882849368
0.0
0.00026068350916158854
0.0
-4.119835463115283e-20
0.0
0.0
0.0
0.0
0.002486173953139747
0.0
0.0
8.341325505122834e-05
1.647934185246113e-19
0.0008505331944951766
0.0
0.0
-1.647934185246113e-19
0.0
0.0
0.00012392826464753924
0.0
0.0
0.0
3.8131773737704385e-05
0.0
0.0
0.0004906922275933712
0.003598409669018055
0.0
0.0
0.0
0.0
0.0
0.0001995481725546376
0.0
0.0
0.0
0.0
0.0
0.0
0.0
2.5748971644470517e-21
0.0
0.0
0.0
0.0
0.0
0.0
0.00031404302565975754
0.0
0.0
0.0
0.001046810085532525
0.0
0.0006542563034578282
0.0
0.0
0.00014299415151639144
0.0007523947489765024
0.0006215434882849368
0.0
0.0
3.3365302020491336e-05
0.0013739382372614391
0.0007523947489765024
0.0
0.0
0.0
0.0
0.0
0.0
0.0
0.0004579794124204797
0.0003042291811078901
0.0
0.0
0.0001112235715878308
0.0009159588248409595
0.0
0.0
0.0
0.0
2.0599177315576414e-20
0.0001439363867607222
0.0
0.0
0.0011776613462240906
6.434736818237615e-05
0.0
0.00019300560952005932
0.0
0.0015047894979530049
0.0017992048345090274
0.0
0.0
0.00024207483227939642
0.0009486716400138508
0.0007196819338036109
0.0001046810085532525
7.851075641493938e-05
6.437242911117629e-22
0.0
0.0007851075641493938
0.00031404302565975754
0.0
0.0
0.00012430869765698736
7.388031161680224e-05
0.0008505331944951766
0.0021917586165837244
0.00023880355076210728
0.00013412254220885477
-1.0299588657788207e-20
0.0
0.0
-5.1497943288941034e-21
0.0009159588248409595
8.817972676844139e-05
0.0013412254220885476
8.83246009668068e-05
0.0
9.159588248409594e-05
0.0
0.0
0.00232260987727529
0.0007523947489765024
0.00022571842469295072
0.0
0.0008505331944951766
0.00021590458014108328
0.0002224471431756616
0.0006215434882849368
0.001046810085532525
7.149707575819572e-05
0.0017992048345090274
0.0
2.6215594444671766e-05
0.0006869691186307196
0.0009159588248409595
5.9580896465163105e-05
0.0
0.0007851075641493938
0.0012430869765698736
0.0
0.0
0.0005561178579391539
0.0005234050427662625
0.0007851075641493938
-1.0299588657788207e-20
0.0008505331944951766
0.0
0.00010724561363729359
0.0011449485310511993
2.6215594444671766e-05
0.00017010663889903532
0.00017010663889903532
0.0
0.0
5.56117857939154e-05
0.0
7.626354747540877e-05
0.0
0.0001112235715878308
0.0001112235715878308
0.0008178203793222852
0.0006215434882849368
0.00017337792041632446
0.0015375023131258961
0.0006215434882849368
0.0
0.0
0.0
0.0
0.00019627689103734845
0.0
0.0
0.0003271281517289141
0.0
0.0005888306731120453
0.0019627689103734846
9.813844551867423e-05
0.0
7.149707575819572e-05
0.0009813844551867423
4.051500959631091e-05
0.0011449485310511993
0.0
0.00022898970621023986
0.0
0.0
0.000883246009668068
0.00015702151282987877
0.00035984096690180547
0.0009486716400138508
0.0
0.0
0.0012430869765698736
0.0
7.626354747540877e-05
0.0
0.00035984096690180547
0.0
7.86467833340153e-05
4.252665972475883e-05
-1.2874485822235259e-21
4.766471717213048e-05
0.00011449485310511993
0.0
3.8131773737704385e-05
0.0003925537820746969
4.051500959631091e-05
0.0012430869765698736
0.0
0.0
0.0
0.00012103741613969821
0.00016356407586445704
0.0
0.0012430869765698736
6.437242911117629e-22
0.0
0.0
0.0
0.0
0.0009159588248409595
0.0
0.0009159588248409595
0.0011122357158783079
0.0004252665972475883
0.000883246009668068
0.00021263329862379414
0.0
0.002060907355892159
0.0
0.0
0.00019627689103734845
0.0
0.0
0.00018319176496819187
0.0006215434882849368
9.159588248409594e-05
0.0
0.001046810085532525
0.0
0.0
0.0
0.0
0.0008505331944951766
0.0011449485310511993
0.0
0.0
0.0
0.0
0.00023553226924481814
0.0
0.0017992048345090274
0.0
0.0011122357158783079
0.0001766492019336136
0.0
0.0019627689103734846
0.0
-1.0299588657788207e-20
-1.0299588657788207e-20
8.83246009668068e-05
0.0
0.0
8.341325505122834e-06
0.0
0.0010140972703596336
0.0
0.0
0.00026170252138313127
0.0002649738029004204
0.0010795229007054164
0.0
0.0002453461137966856
0.0
0.0
0.0
0.00019627689103734845
0.00022571842469295072
0.0
0.0
0.0009813844551867423
0.0
0.0
0.0011122357158783079
0.0
0.0
0.0
0.0
0.00020281945407192673
0.00022571842469295072
0.0
0.00012631150050614577
0.0
0.0
0.0
0.0
0.00010724561363729359
0.0017992048345090274
0.0
0.0
0.0
0.0022898970621023987
9.532943434426096e-05
6.434736818237615e-05
0.0
0.00012631150050614577
5.1497943288941034e-21
9.771267020286749e-05
0.0
0.0010795229007054164
0.0017010663889903532
0.0008178203793222852
0.0018973432800277017
0.00010140972703596337
0.0002224471431756616
0.0
0.00025188867683126386
0.0
0.0
0.0010140972703596336
0.0
0.0
0.003598409669018055
0.0
0.0
0.002649738029004204
0.0
0.0
0.0
0.000883246009668068
0.0011776613462240906
0.0
0.0
0.0
0.0
1.6444327424385016e-05
8.83246009668068e-05
0.0
0.0
0.0
0.0
9.056296262704792e-05
0.002486173953139747
0.00015047894979530047
-8.239670926230566e-20
0.0
0.0
0.0006542563034578282
0.0010140972703596336
0.0001766492019336136
0.0
0.0
0.0002911440550387335
0.0
-8.239670926230566e-20
0.0
8.579649090983487e-05
0.00020609073558921587
0.0004579794124204797
0.0011776613462240906
0.0
-1.0299588657788207e-20
0.0
0.000883246009668068
0.0
0.0
0.0
5.1497943288941034e-21
0.0
0.0
0.0
0.0
4.579794124204797e-05
0.0
0.0
0.0017992048345090274
0.0012430869765698736
0.0
0.0
0.0001439363867607222
0.0
0.0004579794124204797
8.505331944951766e-05
0.0
0.0
0.0
0.00019627689103734845
0.0
0.0
0.0008505331944951766
0.003271281517289141
0.0
0.0010140972703596336
0.0
0.0
0.0
-5.1497943288941034e-21
0.0
0.0
0.0
0.0007523947489765024
0.0
6.434736818237615e-05
0.001046810085532525
0.0
6.434736818237615e-05
0.001210374161396982
1.2874485822235259e-21
0.0
0.0
0.0015047894979530049
0.0014066510524343306
0.0
0.0
0.0
0.0
0.00021263329862379414
0.0
0.0
0.0
0.0
1.5967680252663713e-05
0.0
0.0
0.0010140972703596336
0.0032385687021162495
0.0
0.0
0.0
0.0
0.0
-1.2874485822235259e-21
0.0013739382372614391
0.0
0.0
0.0
0.0
0.0
0.0
0.0
0.0
0.0011449485310511993
0.0006542563034578282
0.001046810085532525
0.001046810085532525
0.0
0.0
0.0
0.0
0.0
0.0
0.0
0.0
0.0
0.0
0.0
0.0
0.0
0.0
0.0
0.0
0.0
0.0
0.0
0.0
0.0
0.0
0.001210374161396982
0.0
0.0
0.0
0.0
0.0011449485310511993
0.0
0.0
0.0013085126069156564
0.0
0.0
0.0
0.0
0.0
0.0
0.0015375023131258961
0.0008505331944951766
0.0
0.0
0.0
-2.0599177315576414e-20
0.0017010663889903532
0.0
0.0
-1.0299588657788207e-20
0.0
0.0
0.0
-8.239670926230566e-20
0.0
0.0
0.0
0.0017337792041632446
0.0
0.0
0.0007851075641493938
0.0
0.0
0.0
0.0
0.0
0.0
0.0
0.0
0.0
0.0
0.003925537820746969
0.0
0.0
0.0006215434882849368
0.0007523947489765024
0.0
0.0013412254220885476
0.003042291811078901
0.0
0.001046810085532525
0.0
0.0
0.0
0.0
0.0
0.0
0.0
0.0
0.0
0.0
6.434736818237615e-05
0.0022244714317566157
0.0
0.0
0.0
0.0
0.0
0.0
0.0007523947489765024
0.0
0.0
0.0
0.0
2.0599177315576414e-20
0.0
0.0
0.0
0.0
1.5967680252663713e-05
0.0006215434882849368
0.0
0.0
0.0
0.0
0.0
0.0
0.0
0.0
0.0
0.0
-4.119835463115283e-20
0.0
0.0
0.0
0.0
0.0
0.002420748322793964
0.0
-8.239670926230566e-20
0.0
0.0010795229007054164
0.0
0.0
0.0
0.0
0.0003925537820746969
5.1497943288941034e-21
0.0
0.0
0.0
0.0
0.0
0.0
0.0
0.0
0.0016356407586445704
0.0
0.0
0.00023880355076210728
0.00024207483227939642
0.0
0.0
1.5014385909221102e-05
0.0
2.2164093485040675e-05
0.0007523947489765024
0.0
0.0
0.0
0.0
1.858923969713089e-05
0.0006869691186307196
0.0
0.0
0.0007851075641493938
-1.0299588657788207e-20
0.0
0.0
0.0
0.0
0.0
0.0
0.0016683535738174619
2.5748971644470517e-21
0.0
0.0
0.0
0.0
0.0
0.0
0.0
0.00018319176496819187
0.0
0.0
0.0
0.0
0.0
0.0
0.0
0.0
0.0
0.0007851075641493938
0.0
0.0
0.0
0.002028194540719267
0.0
0.0
0.0
0.0008505331944951766
0.0015375023131258961
0.0
0.0
0.0
0.0027478764745228782
0.0
0.0
0.0
5.9580896465163105e-05
0.0011776613462240906
0.0
0.002028194540719267
8.103001919262182e-05
0.0007523947489765024
0.0
0.0
0.0008505331944951766
0.0
0.0
0.0010140972703596336
0.0
0.0
0.0019627689103734846
0.0004906922275933712
0.0
2.168744631331937e-05
0.00015375023131258963
0.003205855886943358
0.0013085126069156564
0.0
0.0
0.0005888306731120453
0.0
0.0
1.2874485822235259e-21
0.0
0.0005234050427662625
-5.1497943288941034e-21
0.0
8.103001919262182e-05
0.0001766492019336136
0.0008178203793222852
0.0004579794124204797
9.159588248409594e-05
0.0
0.0007851075641493938
8.505331944951766e-05
0.0
0.0
0.0008178203793222852
0.0001766492019336136
0.00021917586165837242
0.000255159958348553
0.0001275799791742765
0.0003042291811078901
3.3365302020491336e-05
0.0
0.00010140972703596337
8.579649090983487e-05
0.0
0.0
0.0
0.0003173143071770467
0.0017010663889903532
0.0
0.0
0.00025843123986584213
0.0
0.0001995481725546376
0.0
0.0031404302565975753
8.341325505122834e-05
0.0
6.434736818237615e-05
0.0
0.0
0.0002747876474522878
0.0
0.0
0.0
0.0011122357158783079
7.86467833340153e-05
0.0
0.0
6.542563034578282e-05
-4.119835463115283e-20
0.0003925537820746969
0.0
0.002257184246929507
0.0
5.56117857939154e-05
0.00010962884949590011
0.0002486173953139747
0.0
0.0
0.0
0.0
0.0
0.0
0.0
0.0
1.2874485822235259e-21
0.0004252665972475883
0.0
0.00025843123986584213
0.0011122357158783079
0.0
0.0
0.0009813844551867423
0.0
0.0006869691186307196
0.002257184246929507
0.00012392826464753924
2.859883030327829e-05
0.0
0.0
0.0
0.0
0.0005234050427662625
0.0017992048345090274
0.001602927943471679
0.00017992048345090274
0.0003925537820746969
0.0001602927943471679
0.0
0.0005234050427662625
8.103001919262182e-05
0.00016683535738174618
7.851075641493938e-05
3.8131773737704385e-05
0.001046810085532525
0.0
0.00010140972703596337
0.0008505331944951766
0.00018973432800277018
7.388031161680224e-05
0.0005888306731120453
0.0
0.0004906922275933712
0.00020609073558921587
0.0010140972703596336
0.0
-1.0299588657788207e-20
0.0
0.0009486716400138508
0.0011449485310511993
0.0
0.0029441533655602268
0.0
0.00015702151282987877
1.2874485822235259e-21
0.0
0.0003925537820746969
0.0
0.001210374161396982
-5.1497943288941034e-21
0.0004906922275933712
0.0
0.00012103741613969821
0.0012757997917427649
0.0
-1.0299588657788207e-20
0.0
0.0007851075641493938
0.0004906922275933712
0.0
0.0
0.0026170252138313127
7.86467833340153e-05
0.0
0.00021263329862379414
0.0
0.0008178203793222852
7.523947489765023e-05
0.0009486716400138508
0.0
0.0001602927943471679
0.0011776613462240906
0.0
0.0008178203793222852
0.0006542563034578282
0.0
0.0004906922275933712
6.542563034578282e-05
0.0006542563034578282
0.0
0.0
0.0
0.0008505331944951766
0.0008178203793222852
0.00018973432800277018
0.0
6.673060404098267e-05
0.0
0.00015375023131258963
6.215434882849368e-05
0.0005888306731120453
0.0009813844551867423
0.0004906922275933712
3.8131773737704385e-05
0.0
0.0
0.00021263329862379414
0.002420748322793964
7.626354747540877e-05
0.0
5.004795303073701e-05
4.051500959631091e-05
0.0
0.0011122357158783079
0.0
4.528148131352396e-05
2.2164093485040675e-05
0.0
0.002388035507621073
0.0003925537820746969
0.0
0.0
0.0
0.0006542563034578282
6.542563034578282e-05
0.0
0.0004579794124204797
3.098206616188481e-05
0.0
0.0
0.0009813844551867423
0.0003107717441424684
3.098206616188481e-05
0.00032385687021162495
0.0013085126069156564
0.00010486237777868706
0.0003925537820746969
0.0006542563034578282
0.0
0.0005561178579391539
0.00032385687021162495
0.0
4.9069222759337113e-05
0.0
0.0
0.0
0.0
5.243118888934353e-06
0.0
0.0
0.0
0.0008178203793222852
0.0007196819338036109
0.0
0.0
0.0009486716400138508
0.0015375023131258961
0.0019627689103734846
0.0
7.19681933803611e-05
0.0003925537820746969
0.00025843123986584213
0.0
0.0025515995834855297
0.00015702151282987877
0.0
0.00012103741613969821
0.0
0.0
0.0011122357158783079
0.0
0.0
0.0001373938237261439
0.0
0.0027478764745228782
0.0007523947489765024
0.0
0.0
0.0
0.00014720766827801133
0.0
0.0007523947489765024
0.0001112235715878308
0.0030750046262517923
0.0
0.0
0.0
0.00035984096690180547
0.002420748322793964
0.0011449485310511993
0.0
0.0024534611379668555
0.00015375023131258963
0.0005888306731120453
0.0
1.382276797991784e-05
6.673060404098267e-05
3.3365302020491336e-05
0.0
9.532943434426096e-05
0.0
0.00030095789959060093
0.00010795229007054164
0.0
0.00025188867683126386
2.859883030327829e-05
0.0
0.0
0.0
0.00014066510524343305
0.0001275799791742765
0.0
0.0
0.0
-1.2874485822235259e-21
8.817972676844139e-06
0.0007851075641493938
0.0003925537820746969
2.0495828384016106e-05
3.098206616188481e-05
0.0
0.0
0.00016356407586445704
0.0008505331944951766
0.0010140972703596336
0.0010795229007054164
0.0
0.0
0.0
0.0002911440550387335
0.0
0.00035984096690180547
0.0
0.0
0.00026170252138313127
0.0009159588248409595
0.00010140972703596337
0.0
0.0
0.0013739382372614391
0.0
3.574853787909786e-05
0.0
0.0006542563034578282
0.0
0.0
0.0022898970621023987
4.528148131352396e-05
0.0016356407586445704
0.0
0.0
0.0001112235715878308
0.0
0.0003107717441424684
0.0
0.0
0.0
0.0
0.0008178203793222852
0.0
7.149707575819572e-05
0.002060907355892159
0.0009486716400138508
0.0
0.0
0.0
0.001831917649681919
0.0003925537820746969
0.0010140972703596336
0.0
7.19681933803611e-05
0.0
6.196413232376962e-05
0.0004579794124204797
0.0
0.0
8.817972676844139e-05
0.0
0.0
0.0
0.0006869691186307196
0.002486173953139747
0.0008505331944951766
0.0
0.0
0.0001373938237261439
0.0
0.0004906922275933712
0.0
-1.0299588657788207e-20
0.0027478764745228782
0.0
0.0
0.0
0.0
4.528148131352396e-05
0.0
0.0002747876474522878
0.00012103741613969821
0.00016356407586445704
0.0
0.0
0.00035984096690180547
0.0008505331944951766
0.0001766492019336136
0.0
7.86467833340153e-06
5.9580896465163105e-05
0.00018973432800277018
0.0007523947489765024
0.0002715163659349987
0.001046810085532525
0.0009159588248409595
0.0006215434882849368
3.098206616188481e-05
0.0003042291811078901
0.001831917649681919
0.0
0.0
0.0
1.7635945353688278e-05
5.1497943288941034e-21
0.0008505331944951766
4.119835463115283e-20
0.0
0.0
0.0
0.0017010663889903532
-1.0299588657788207e-20
0.0
0.0007523947489765024
0.0
0.0
0.0007851075641493938
0.0
0.0
1.6682651010245668e-05
0.0
0.0
0.0
0.0
0.0006215434882849368
0.0
0.0
0.0006215434882849368
0.0
0.0
0.0
-8.239670926230566e-20
0.0
0.0
0.0
0.001210374161396982
-4.119835463115283e-20
0.0
1.0299588657788207e-20
0.0015375023131258961
0.0
0.0
-8.239670926230566e-20
0.0
0.0
0.0
0.0
0.00023880355076210728
0.0
0.0014393638676072219
0.0
0.0
0.0
0.0
0.0
0.0
0.0
0.0
0.0025515995834855297
0.0
0.0
0.0
0.0023553226924481812
0.0
0.0
0.0
0.0014720766827801134
0.0
0.0
0.0
0.0
0.0
0.0014393638676072219
0.0007851075641493938
0.0
-1.0299588657788207e-20
0.0
0.0
0.0
0.0
0.0
0.0
0.0
0.0006215434882849368
0.0
0.0
0.0
0.0
0.0
0.0
0.0
0.0
0.0
0.0
0.0007851075641493938
0.0
0.0
0.0
0.0
0.0016683535738174619
0.0
0.0
4.119835463115283e-20
0.0006215434882849368
0.0
0.0013412254220885476
0.0
0.001210374161396982
0.0011449485310511993
0.0
0.0021917586165837244
0.0
0.0
0.0
0.0
-5.1497943288941034e-21
0.0007523947489765024
0.0
0.0
0.0
0.0
0.0
0.0
0.0
0.0
0.0
0.0
0.0
0.0
0.0
0.0
0.0
0.0015702151282987876
0.0
0.0
0.0
0.0
0.0013739382372614391
-4.119835463115283e-20
0.0
0.0
0.0
0.0015047894979530049
0.0
0.0
0.0
0.0
0.0
0.0
0.0
0.0
0.0
0.0
0.0
0.0
0.0
9.159588248409594e-05
0.0
0.0
0.0
0.0
6.434736818237615e-05
0.0
0.0
0.0
0.0
0.0
0.0
0.0017664920193361361
0.0
0.0
0.0
0.0
0.0
0.00232260987727529
0.0010795229007054164
0.0
0.0
0.0009159588248409595
0.0014720766827801134
0.001831917649681919
0.0
0.0
0.0
0.0
0.0
0.0
0.0
0.0
0.0
0.0
0.0
0.0
-5.1497943288941034e-21
0.0
0.0
0.0
0.0
0.0
0.0
0.0
0.0
0.0
0.0
0.0
0.0
0.0
-1.0299588657788207e-20
0.0
-4.119835463115283e-20
0.0
0.0
0.0
0.0
0.0010795229007054164
0.0
0.0
0.0008178203793222852
0.0021917586165837244
0.0
0.0008505331944951766
0.0007523947489765024
1.2874485822235259e-21
0.0
0.0
0.0
0.0
0.0
0.0
0.0
0.0
0.0
0.0
0.0
0.0
0.0
0.0
0.0014720766827801134
0.0
0.0
0.0
0.0
0.0
0.0
0.0
0.0
0.0
0.0015702151282987876
0.0012430869765698736
0.0
0.0
0.0
0.0
0.0
0.0
0.0017337792041632446
0.0
0.0
0.0
0.0015702151282987876
0.0
0.0
0.0
0.0
0.0
0.0
0.0
0.0012430869765698736
0.0
0.0
0.0
0.0
0.0015047894979530049
0.0
0.00024207483227939642
0.0
0.0
0.0
0.0
0.0011122357158783079
2.0599177315576414e-20
0.0
6.673060404098267e-06
0.0
0.00023880355076210728
0.0
0.0
0.0
0.0
0.0
0.0009159588248409595
0.0
0.0
0.0
-8.239670926230566e-20
0.0
0.0
-8.239670926230566e-20
0.0
0.00035984096690180547
0.0
0.001831917649681919
0.0
0.0
0.0
-8.239670926230566e-20
0.0
0.0
2.5748971644470517e-21
0.001046810085532525
0.0
7.523947489765023e-05
0.0014720766827801134
0.0
0.0
0.0
0.0
5.1497943288941034e-21
0.0
4.119835463115283e-20
0.0
0.0
0.0
0.0
0.0006215434882849368
0.0
-4.119835463115283e-20
0.0
0.0
0.0
0.00017010663889903532
0.0
4.119835463115283e-20
0.0
0.0
0.0
0.0
0.0
0.0
0.0
0.0
-2.0599177315576414e-20
0.0
0.0
0.0
0.0
-1.0299588657788207e-20
0.0013085126069156564
0.0
0.0
0.0
0.0
0.0
0.0
0.0
0.0
0.0
0.00023553226924481814
0.0
0.0
0.0018646304648548102
0.0
0.0
1.0299588657788207e-20
0.0
0.0008505331944951766
0.0008178203793222852
1.2874485822235259e-21
0.0
0.0012757997917427649
0.00019300560952005932
4.119835463115283e-20
-8.239670926230566e-20
0.0
6.215434882849368e-05
0.00015375023131258963
0.0008505331944951766
0.0012430869765698736
0.0
0.0006215434882849368
0.0
0.0003925537820746969
6.215434882849368e-05
0.0
0.00020609073558921587
0.0
1.446627926223759e-07
0.0
0.0
0.0009486716400138508
0.0
0.0004906922275933712
0.0
0.0011122357158783079
0.0
-1.2874485822235259e-21
7.388031161680224e-05
0.0
2.5748971644470517e-21
0.0008178203793222852
0.0
0.00017010663889903532
0.0
0.002060907355892159
0.0
0.0
5.1497943288941034e-21
-8.239670926230566e-20
2.5748971644470517e-21
0.0
0.0
0.0
0.0
-8.239670926230566e-20
2.1210799141598065e-05
0.0
0.0009159588248409595
0.0
0.0
0.0025188867683126385
0.0021917586165837244
0.0
0.0001602927943471679
0.0008505331944951766
0.0002486173953139747
0.0002911440550387335
6.196413232376962e-05
0.0
0.0
0.0008505331944951766
-8.239670926230566e-20
0.00027805892896957696
0.0008178203793222852
0.0
0.0
0.000186463046485481
0.00022898970621023986
0.0
0.0
0.0002976866180733118
7.19681933803611e-05
0.0011122357158783079
0.0
0.0
0.0
0.0
0.0
0.0
0.0
0.000883246009668068
0.0010140972703596336
8.579649090983487e-05
0.0
8.83246009668068e-05
9.056296262704792e-05
7.388031161680224e-05
0.0
0.0002911440550387335
0.0
0.0
1.8350916111270237e-05
0.0
0.0006542563034578282
7.851075641493938e-05
0.0
0.0
0.0
0.0
0.0
0.0013085126069156564
0.0
0.0003925537820746969
0.0001046810085532525
0.0
0.0
0.0
0.0
0.0012430869765698736
0.0014720766827801134
0.0011449485310511993
0.0
0.0
0.0
0.0
0.0009486716400138508
6.434736818237615e-05
0.0
0.0
0.0021590458014108327
0.0
0.0
0.0
0.0
0.0
0.0005234050427662625
-3.295868370492226e-19
0.0
0.001602927943471679
0.0
0.0
0.0
0.0
0.0015047894979530049
0.0
0.00026170252138313127
0.0018973432800277017
0.0003205855886943358
0.00018319176496819187
0.0007196819338036109
0.0011122357158783079
0.0
0.0017010663889903532
0.0
0.0007851075641493938
0.0
0.0
0.0
0.0
0.0
0.001210374161396982
0.0
0.0
0.0
0.0
0.0
0.0
0.0
0.0
-8.239670926230566e-20
0.0
0.0
0.0
0.0
0.0
0.0
0.0
0.0
0.0
0.0
0.001602927943471679
0.0
0.0
0.0
0.0
0.0
0.0
0.0
0.0
0.0
0.0
0.0
0.0018973432800277017
0.0
0.0
0.0
0.0
0.0
0.0
0.0
0.0
0.0
0.0
0.0
0.0
0.0
0.0
0.0013739382372614391
0.0
0.0
0.0
0.0
0.0
0.0
0.0016356407586445704
-1.0299588657788207e-20
1.0299588657788207e-20
0.0
0.0
0.0
0.0
0.0
-1.0299588657788207e-20
0.0
0.0
0.0
0.0
0.0
0.0
0.0
0.0
0.0
0.0
1.6206003838524364e-05
0.0
0.0
0.0
0.0
0.0
0.0
0.0
0.0
0.0
-2.0599177315576414e-20
0.0010795229007054164
2.0599177315576414e-20
0.0
0.0
0.0
0.0
7.523947489765023e-05
0.0
0.0
0.0
0.0
-1.0299588657788207e-20
0.0
0.0
0.0
0.0
0.001046810085532525
0.0
0.0
0.0
0.0
0.0
0.0
0.00023880355076210728
0.0
0.0
0.0
0.0
0.0
0.0
0.0
0.0
0.0
0.0
0.0
0.0
0.001046810085532525
0.0
0.0
0.0
0.0022898970621023987
0.0
0.0
0.0
-2.0599177315576414e-20
0.0
0.0
0.0
0.0
0.0
0.0
-8.239670926230566e-20
0.0
0.0014720766827801134
0.0
0.001210374161396982
0.0
0.0
0.0
0.0
0.0
0.0
2.5748971644470517e-21
0.0
0.0
0.00024207483227939642
0.0
0.0
0.0
2.0599177315576414e-20
0.0
0.0
0.0
0.0
0.0
-4.119835463115283e-20
0.0
0.0006215434882849368
0.0
0.0
0.0
0.0015375023131258961
0.0017664920193361361
0.0
0.0
0.0
1.2874485822235259e-21
0.0019300560952005932
1.8350916111270237e-05
0.0
0.0
0.0
0.0
0.0
0.0
0.0
0.0
0.0
0.0
0.0
0.0
0.0
0.0
0.0
0.0
0.00024207483227939642
0.0
0.0
0.0
0.0023553226924481812
0.0
-1.0299588657788207e-20
0.0
6.437242911117629e-22
0.0
0.0
0.0
0.0
0.0
0.0
0.0011449485310511993
0.0
0.0
4.766471717213048e-06
0.0
0.0
0.0
0.0
0.0
-1.0299588657788207e-20
0.0
0.0
0.0
0.0
0.0
0.0
1.4537738737499797e-05
0.0
0.0
0.0
0.0
0.0
0.0
0.0
1.5967680252663713e-05
7.523947489765023e-05
0.0
-8.239670926230566e-20
0.0
0.0
0.0
0.0
0.0
0.0017010663889903532
0.0
1.8350916111270237e-05
0.0
0.0
0.0
0.0
0.0
0.0
2.0257504798155455e-05
0.0
-1.0299588657788207e-20
0.00024207483227939642
0.0
0.0
0.0
0.0
0.0
0.0
0.0017337792041632446
0.0
0.0
0.0010795229007054164
0.0011122357158783079
0.0
0.0
0.0
0.0
0.0
0.0
0.0
0.0
0.0
0.0
0.0
0.0
0.0
0.0
-1.0299588657788207e-20
0.0
0.0
1.5014385909221102e-05
0.0
0.0
0.0
0.0
4.119835463115283e-20
0.0
0.0
0.0
0.0
0.0
0.0012757997917427649
-8.239670926230566e-20
0.0
0.0
0.0
0.0
0.00023880355076210728
0.0
1.787426893954893e-05
0.0016683535738174619
0.0
0.0
0.0
0.0
0.0
0.0
0.0
-1.2874485822235259e-21
0.0
0.0
7.523947489765023e-05
0.0
0.0
0.0
0.0
0.0
2.0599177315576414e-20
0.0
0.0
0.0
0.0
0.0
0.00018646304648548104
4.119835463115283e-20
0.0
0.001210374161396982
0.00013412254220885477
0.0021917586165837244
0.0
0.0
0.0007196819338036109
6.437242911117629e-22
0.0
0.0
0.0
0.0
9.813844551867423e-05
0.0011122357158783079
0.00023553226924481814
0.0
0.0
0.0
0.0
0.0
0.0015047894979530049
0.0
0.0
0.00022898970621023986
2.0599177315576414e-20
0.0
0.0
0.0
0.0001439363867607222
0.0
0.0
6.434736818237615e-05
0.0
0.0
0.0
0.0
0.00030750046262517926
0.0
0.0
0.0
-2.0599177315576414e-20
0.0
0.0005234050427662625
0.0
0.0
0.0008505331944951766
0.0
-2.0599177315576414e-20
0.001046810085532525
0.0
0.0
0.002257184246929507
0.0
0.0
0.0
0.0002747876474522878
0.0
0.0010140972703596336
0.0011449485310511993
0.0
0.0
0.0014393638676072219
0.001046810085532525
0.0
0.0
0.0006869691186307196
0.0
0.0001373938237261439
0.0
0.0
0.00035984096690180547
0.0
0.0
0.0014393638676072219
0.0
0.0028460149200415525
-2.0599177315576414e-20
0.0
0.0
0.0
0.0014066510524343306
0.0009486716400138508
0.0
0.0009813844551867423
0.0006869691186307196
9.159588248409594e-05
0.0013412254220885476
0.0
0.0
0.0
0.0
0.0
8.83246009668068e-05
0.0
0.0
0.0010795229007054164
0.0
0.0
0.0006215434882849368
0.0002813302104868661
0.0
0.0
0.000186463046485481
0.0
-1.0299588657788207e-20
6.196413232376962e-05
0.0009159588248409595
0.0
0.0
0.0
5.1497943288941034e-21
3.8131773737704385e-05
0.0
0.0
0.0009813844551867423
0.0009159588248409595
0.00018319176496819187
0.0
0.0
0.0005234050427662625
0.0
0.0019627689103734846
-1.0299588657788207e-20
0.0
0.0
0.0
0.0
0.0007196819338036109
0.0008505331944951766
0.000883246009668068
0.0006542563034578282
0.0
1.0299588657788207e-20
0.0
0.0003925537820746969
0.0
0.0
