0.0
0.0
0.0
0.0
0.0002788201077060482
0.0
0.0
0.0
0.0
0.0
0.0
0.0
0.0
-3.3465916777196583e-19
0.0
0.0
-8.366479194299146e-20
0.0
0.0
0.0
0.0
0.0
0.0
0.0
0.0
0.0
0.0
0.0
0.0
0.0
0.0
0.0
0.0
0.0
0.0
0.0
0.0012705726427111059
0.0
0.0
0.0
0.0
0.0
0.0
0.0
0.0
0.0
0.0
0.0
0.0
0.0
0.0
0.0
0.0
0.0
0.0
0.0007058736903950588
0.0
0.0
1.6732958388598291e-19
0.0
0.0
0.0
0.0
0.0
-3.3465916777196583e-19
0.0
0.0
0.00012705726427111058
0.0008470484284740706
0.0
0.0
0.0
0.0
0.0011646915891518471
0.0
0.0
0.0
0.0
0.0
0.0
0.0
0.0
0.0015529221188691294
0.0
0.0
0.0
0.0
8.823421129938235e-05
0.0
0.0
0.0003070550553218506
0.0
-4.183239597149573e-20
0.0004941115832765412
0.0
0.0
0.0
0.0
0.0
0.0
5.294052677962941e-05
0.0016588031724283883
0.0
0.0010588105355925882
0.0
0.0
0.0011293979046320941
0.0
0.0
0.0
0.003529368451975294
0.0012705726427111059
0.0
0.0003529368451975294
0.0
9.882231665530824e-05
0.0014823347498296236
0.0
0.0
0.0
0.0004941115832765412
0.0
0.0
0.00038823052971728234
0.0016588031724283883
0.0
0.0
0.0
0.0
0.0
0.0007411673749148117
0.00038823052971728234
0.0
0.0
0.00014470410653098705
0.0006352863213555529
0.0
9.882231665530823e-05
0.0
0.0006705800058753058
0.003529368451975294
0.0
0.00038823052971728234
0.00020470337021456707
0.0
0.0
0.0013058663272308589
0.0
0.0
1.6732958388598291e-19
0.0011293979046320941
0.0
0.00019764463331061648
0.00042352421423703533
0.0019058589640666588
0.0022940894937839413
0.0
0.0002964669499659247
0.00015882158033888824
0.00021529147557049295
0.0
0.0025058516009024588
0.0031411379222580117
0.0015176284343493766
0.0
0.00011999852736716
0.0
0.0
0.0
0.0027176137080209767
0.0
0.0
0.0
1.6732958388598291e-19
0.0
0.0
0.0
0.002011740017625918
0.0009529294820333294
0.0
0.0
0.0002435264231862953
0.0
0.0
0.0
0.0013411600117506119
0.0
7.058736903950588e-05
0.0
0.0
0.0014470410653098706
0.0004941115832765412
0.0
0.0
0.0027176137080209767
0.0
0.00038823052971728234
0.001235278958191353
0.0
0.00015529221188691295
0.0002470557916382706
0.00010588105355925883
0.0
0.0
0.0015529221188691294
0.00017293905414678942
0.0
0.0
0.0
0.0
0.0
0.0
0.0
0.0002611732654461718
0.0
0.0
0.0027529073925407293
0.00038823052971728234
0.0
0.00025411452854222117
0.0
0.0
0.0004941115832765412
0.0
0.0
0.0
0.0
0.0
0.0
0.0
0.0
0.0
0.0
0.0
0.0008117547439543177
0.0
0.0015529221188691294
0.0
0.001976446333106165
0.0
0.0
0.0
0.0007411673749148117
0.0024352642318629532
0.0
0.0
0.0
0.0007411673749148117
0.0
0.0
0.0
0.0031764316067777647
0.0
0.0
7.058736903950588e-05
0.0
0.0
0.0010588105355925882
0.0009529294820333294
8.117547439543177e-05
0.00038823052971728234
0.0
0.0003529368451975294
0.00014117473807901177
0.00038823052971728234
0.0011293979046320941
0.0009176357975135765
0.0022587958092641883
0.0
0.0
0.0
0.0002576438969941965
0.0
0.0
0.00020470337021456705
0.00012705726427111058
0.0
0.0006352863213555529
0.0008117547439543177
0.0
0.0
0.0
0.0
0.0
0.0
0.0
0.0006448579685975657
0.0
0.001870565279546906
0.0
0.0
0.0
0.0
0.0
0.0
0.0
0.0
0.0
0.0
0.0
0.0005294052677962941
0.0
0.0
0.001729390541467894
0.0
0.0
0.0
0.0
0.0
0.0
0.0
0.0
0.0
0.0
0.0
0.00019764463331061645
0.0
0.0
0.0
0.0
0.0
0.0
0.0
0.0
0.001235278958191353
0.0
0.0
0.0
0.0
0.00012705726427111058
0.0
0.0
0.0
0.0
0.0
0.0
0.0
0.0
0.0
0.0
0.0
0.0
0.0
0.0
0.0
0.0
0.0
0.0
0.0
0.0
0.0009882231665530824
0.0
0.0
0.0
0.0
0.0
0.0
0.0
0.0
0.0
0.0
0.0
0.0
0.0010941042201123412
0.0
0.0005999926368358
0.0
0.0
0.0
0.0
0.0
0.0
0.0
0.0
0.0
0.0
0.0
0.0
0.0
0.0
0.0
0.0003388193713896282
0.0
0.0
0.0
0.0
0.0
0.0
0.0
0.0
0.0
0.0
2.0916197985747864e-20
0.0007764610594345647
0.00015176284343493764
0.0
0.0
0.0
-3.3465916777196583e-19
0.0
0.0
0.0
0.0
0.0
0.0014117473807901176
0.0
0.0
0.0
0.0
0.0
0.0
0.0
0.0
0.0
0.00011999852736715999
0.0
0.0
0.0
0.00015882158033888824
0.0
0.0
0.0
0.0
0.0002964669499659247
0.0
0.0
0.0
0.0
0.0
0.0
0.0023293831783036943
0.0
0.0
0.0
0.0
0.00013764536962703646
0.0
0.0
0.0
0.0
0.0
0.0
0.0
0.0
0.0
7.764610594345646e-05
0.0
0.00021176210711851764
0.0
0.0
0.0009882231665530824
0.0
0.0
0.0
0.0
0.0026823200235012237
0.0
0.0
0.0
0.00013764536962703646
0.0
0.0
0.0
0.0
0.0
-2.0916197985747864e-20
0.0015529221188691294
0.0
0.0
-3.3465916777196583e-19
0.0
0.0
0.001694096856948141
0.0
0.0
0.0
0.00013411600117506118
0.0
0.0
0.0013764536962703646
0.00038823052971728234
0.0
0.0
0.0014117473807901176
0.0
0.0
0.0008470484284740706
0.0015882158033888824
0.0
0.0
0.0
0.00010941042201123412
0.0
0.0031058442377382587
0.0
0.0
0.0010235168510728354
0.0
0.0002505851600902459
0.0
0.0
0.0
0.00015529221188691295
0.0
0.0
0.0
0.0
0.0
0.0
0.0027529073925407293
0.0
0.003529368451975294
0.0
0.0
0.0
0.0
0.0
0.0
0.0
0.0
0.0
0.0
0.0
0.0
0.0
0.0
0.0
0.0
0.0
0.0
0.0
0.0
0.0
0.0
0.0
0.0
0.0
0.0
0.0
0.0
0.0004941115832765412
0.0
0.0003224362391105319
0.0
0.0
0.0
0.0015882158033888824
0.0
0.0012705726427111059
0.0
0.0
0.00013411600117506118
0.0033529000293765292
0.003458781082935788
0.0
0.0
0.0003224362391105319
0.0
0.0011646915891518471
0.0
0.0006352863213555529
0.0
0.0
0.0
0.0001835271595027153
0.0
0.0007411673749148117
0.0
0.002364676862823447
0.0
0.0
0.0
0.0
0.0
0.0
0.0
0.0
0.0
0.0
0.0
0.0
0.00011646915891518471
0.0
0.0032470189758172707
0.0
0.0
0.0001764684225987647
0.0025764389699419648
0.0021176210711851763
0.00014470410653098705
0.0007411673749148117
0.0
0.0003352900029376529
0.0008823421129938235
0.003458781082935788
0.00010941042201123412
0.0
0.0003070550553218506
0.00021176210711851764
0.0
0.0
-1.0458098992873932e-20
0.0
0.0013058663272308589
5.6469895231604706e-05
0.0013411600117506116
0.0
0.0
0.0002929375815139494
0.0
0.0003388193713896282
0.0004588178987567882
0.0016235094879086353
0.00026470263389814704
0.0
0.0013411600117506116
0.0
0.0
0.0
0.0
0.0
0.0006705800058753058
0.0026117326544617177
0.0004588178987567882
0.0
0.0
0.001694096856948141
0.0
0.0
0.0
0.0
0.0004941115832765412
0.0
0.0
0.0003494074767455541
0.0026117326544617177
0.0006705800058753058
0.0
0.0007058736903950588
0.0014823347498296234
0.0011999852736716
0.0
0.0
0.0
0.0
0.0
0.0005294052677962941
0.0
0.0013411600117506116
0.00013411600117506118
0.0
0.0012705726427111059
0.0
0.0004588178987567882
0.0
0.0
0.0
0.0
0.0
0.0
0.0002364676862823447
7.411673749148118e-05
0.0
0.0
0.0
0.00013764536962703646
0.0
0.0004235242142370353
0.0
0.0
0.0
0.0004941115832765412
0.0
0.0003224362391105319
8.470484284740706e-05
0.00011646915891518471
0.0
0.0004941115832765412
0.0005646989523160471
0.0
0.0
0.0
0.0
0.0008470484284740706
0.0
0.0
0.0
0.0
0.00022587958092641882
0.0
0.0
0.0
0.00014117473807901177
0.0
0.0004941115832765412
0.0
0.0
0.0
0.0013764536962703646
0.0014117473807901176
0.0
0.0
0.0011646915891518471
0.0
0.0
0.0010588105355925882
0.0
9.882231665530824e-05
0.0002294089493783941
0.0
0.0013058663272308589
0.0032117252912975177
0.0
0.0016588031724283881
0.0029999631841789998
0.0
0.0002435264231862953
0.0032117252912975177
0.0
0.0021529147557049293
0.0
0.0004588178987567882
0.0
0.00027176137080209766
0.0
0.0002223502124744435
0.0
0.0
0.0
0.0
0.0
0.0
0.0
0.0
0.0
0.0
0.0
0.0
0.0
0.0
0.0011999852736716
0.0
0.0
0.0
0.0
0.0008117547439543177
0.0
0.0
0.0
0.0001694096856948141
0.0
0.0
0.0
0.0
0.0
0.0
0.0
0.0
0.0
0.0
0.0
0.0
0.0008470484284740706
0.0
0.0
0.0
0.0
0.0007764610594345647
0.0
0.0
0.0011646915891518471
0.00010235168510728352
0.0
0.0
0.0
0.0
0.0
0.0015529221188691294
0.0025058516009024588
0.0008117547439543177
0.0
0.0
0.0
0.0
0.0009882231665530824
0.0
0.0
1.0458098992873932e-20
0.0
0.0
0.0
0.0
0.0
0.0
0.0033176063448567762
0.0
0.0014117473807901176
0.001235278958191353
0.0
0.0015882158033888824
0.0
0.0010941042201123412
0.0031058442377382587
0.0
0.0
0.0
0.003529368451975294
0.0
0.0
0.0007764610594345647
0.0
0.0
0.0
0.0
0.0
0.0
0.0
0.0
0.0
0.0012705726427111059
0.0
0.0
0.0006705800058753058
0.0
0.0
0.0
0.0
0.0
0.0008823421129938235
0.0
0.0
0.0
0.0
0.0
0.0
0.0021176210711851763
0.0
9.529294820333294e-05
0.0
0.0016588031724283881
0.0
0.0
0.0
0.0005294052677962941
0.0
0.0
0.00038823052971728234
0.0
0.0011646915891518471
0.0
0.0
-1.6732958388598291e-19
0.0
0.0013058663272308589
0.0
0.0
0.0
0.0
0.0
0.0008470484284740706
0.0
0.0005999926368358
0.0
0.0
0.0
0.0
0.0
0.0
0.0
0.0
0.0
0.0
0.0
0.0008823421129938235
0.0
0.0
0.0
0.0
0.0
0.0
0.0
0.0
0.0
0.0
0.0
0.0016588031724283881
0.0
0.0
9.882231665530823e-05
0.0
0.0
0.0
0.0
0.0
0.0002364676862823447
0.0
0.0
0.0008470484284740706
0.0011999852736716
0.0
0.0
0.0
0.0
0.0007411673749148117
0.0
0.0
0.0
0.003529368451975294
0.0
0.0
0.0
0.0
0.0
0.00023293831783036942
0.0013764536962703646
0.0015529221188691294
0.0
0.0
0.0007058736903950588
0.0
0.0013764536962703646
0.0
0.0
0.0
0.0
0.0
0.0
0.0
0.0
0.0
0.0
0.0
0.0
0.0
0.0
0.0
0.0032470189758172707
0.0
0.0
0.0022587958092641883
0.0
0.001694096856948141
0.0
0.0017999779105073999
0.0005999926368358
0.0
0.0
0.0
0.0
0.0
0.00011999852736715999
0.0
0.0
0.0
0.0
0.0
0.0
0.0
0.0
0.0
0.0028587884460999882
0.0
0.0032470189758172707
0.0
0.0
0.0
0.0
0.0
0.0003224362391105319
0.0003224362391105319
0.0
0.0019058589640666588
0.0
0.0
0.0
0.0012705726427111059
0.0
0.0
0.0
0.0
0.0
0.0
0.0
0.0
0.0
0.0
0.0
0.0014117473807901176
0.0
0.0014117473807901176
0.0
0.00014117473807901177
0.0
0.0
0.0
0.0
0.0
0.0
0.0
0.0
0.0010941042201123412
0.0
0.0
0.0
0.00019764463331061645
0.0
0.0025764389699419648
0.0
0.0
0.0
0.0
0.001976446333106165
0.0
0.0
0.0
0.0
0.0
0.0
0.00020470337021456705
0.0
0.0
0.0
-1.6732958388598291e-19
0.0
0.0
0.0
0.0
0.0002929375815139494
0.0
-1.6732958388598291e-19
0.0
0.0
0.0
0.0
0.0
0.0005294052677962941
0.0
0.0
0.0
0.0
0.0
0.0
0.0
0.0
0.0
0.0
0.0
0.0
0.0
0.0
0.0
0.0
0.0
0.0
0.0
0.0
0.0
0.0
0.0
0.0
0.0
0.0
0.0
0.0
0.0
0.0011999852736716
0.0
0.0005999926368358
0.0006705800058753058
0.0
0.0
0.0
0.0
0.0
0.0
0.0014823347498296234
0.0
0.0
0.0
0.0
0.0
0.0
0.0
0.0
0.0002576438969941965
0.0
0.0
0.0
0.0
-4.183239597149573e-20
0.0008823421129938235
0.0
0.0
0.0
0.0
0.0
0.0
0.0
0.0008117547439543177
0.0
0.003423487398416035
0.0
0.0
0.0
0.0006448579685975657
0.0017999779105073999
0.0
0.0
0.0
0.0
0.0
0.0009529294820333294
0.0
0.0
0.0
0.0
0.0
0.0
0.0
0.0
0.0
0.0
0.0
0.0
0.0
0.0
0.0
0.0
0.0
0.0
0.0
0.0023999705473432
0.0
0.0
0.0
0.0
0.0
0.0
0.0
0.0
0.0
0.0
0.0
0.0
0.0
0.0022587958092641883
0.0
0.0
0.0
0.0014117473807901176
0.0
0.0
0.0004588178987567882
0.0
0.0005999926368358
0.0
0.0
0.0
0.0
0.0
0.0028587884460999882
0.0
0.00015882158033888824
0.0
0.0006448579685975657
0.0
0.0
0.0
0.0011999852736716
0.0
0.0
0.00011999852736715999
0.0
0.0
0.0
0.0
0.0
0.0
0.0
0.0
0.0
0.0
0.0
0.0
0.0
0.0
0.0
0.0
0.0
0.0
0.0
0.0016588031724283881
0.0
0.0
0.0
0.0
0.0
0.0
0.0
0.0
0.00034234873984160353
0.0
0.0
0.0
0.0009882231665530824
0.0
0.0
0.0
0.0
0.0
0.0
0.0
0.0
0.0
0.0
0.0
0.0
0.0
0.0025058516009024588
0.0
0.0004588178987567882
0.0
0.0
0.0
0.0
0.0007764610594345647
0.00032470189758172704
0.0
0.0
0.0007764610594345647
0.0
0.0
0.0
0.0
0.0
0.0
0.0
0.0
0.0
0.0018705652795469058
0.0
0.0
0.0
0.0
0.0
0.0
0.0
0.0
0.0002894082130619741
0.0
0.0
0.0
0.0
0.00038823052971728234
0.0
0.0
0.0
0.0
0.0014823347498296234
0.0003529368451975294
0.0006705800058753058
0.00015882158033888824
0.0027529073925407293
0.0
0.0
0.0
0.0
0.0
0.0
0.0016235094879086353
0.0
0.0027176137080209763
0.0
0.0013058663272308589
0.0
0.0
0.0
0.0
0.0
0.0
0.0
0.0
0.0
0.0
0.00016588031724283883
0.0
0.0010235168510728352
0.0
0.0
0.0
0.001235278958191353
0.0016235094879086353
0.0
0.0
0.0
0.0
0.0
0.0
0.0
0.0
0.0
0.00027176137080209766
0.003070550553218506
0.0
0.0015529221188691294
0.0
0.0
0.0
0.0
0.0
0.0
0.0
0.0027529073925407293
0.0
0.0
0.0
0.0
0.0
0.00015882158033888824
0.0
0.0009529294820333294
0.0008470484284740707
0.0
0.0
0.0
0.0
0.0
0.0
0.0
0.0
0.0
0.0
0.0
0.0
0.0010588105355925882
0.0
0.0004588178987567882
0.0
0.0
0.0
0.0
0.0
0.0
0.0
0.0
0.0
0.0
0.0
0.0
0.0
0.0
0.0
0.0
0.0
0.0007764610594345647
0.0009529294820333294
0.0
0.0
0.001729390541467894
0.0
0.0
0.0
0.0
0.0
0.0
0.0
0.0
0.0015529221188691294
0.0
0.0
0.0
0.0
0.0
0.0013058663272308589
0.0
0.0
0.0015882158033888824
0.0
0.0
0.0
0.0
0.0
0.0
0.0
0.0
0.0
0.0
2.0916197985747864e-20
0.0
0.0016588031724283881
0.0
0.0
0.0013058663272308589
0.0
0.0
0.0029646694996592468
0.0
0.0
0.0016235094879086353
0.0008470484284740706
0.0010588105355925882
0.0
0.0
0.00012705726427111058
0.002470557916382706
0.0013764536962703646
0.0013411600117506116
0.0
0.0
0.0
0.0009176357975135764
0.0
0.0
0.0
0.0
0.0
0.0001905858964066659
0.0
0.0
0.0004588178987567882
0.0
0.0
0.0
0.0
0.0014823347498296234
0.0
0.0
0.0
0.0
0.0
0.0
0.0
0.0
0.0
0.0
0.0
0.0010588105355925882
0.0008823421129938235
0.0
0.00022587958092641882
0.0
0.0
0.0005999926368358
0.0
0.0
0.001729390541467894
0.0
0.0
0.0020823273866654233
0.0
0.0
0.0014117473807901176
0.0
0.0009529294820333294
0.0038823052971728236
0.0016588031724283881
0.0007764610594345647
0.0
0.0
0.0
0.0
0.0
0.0026470263389814707
0.0033176063448567767
0.0004235242142370353
0.0
0.0013764536962703649
0.0004941115832765412
0.0
0.0
0.0011646915891518471
0.0
0.0
0.0
0.0
0.0
0.0010941042201123412
0.0025411452854222118
0.00013058663272308587
0.0008823421129938235
5.294052677962941e-05
0.0
0.00011646915891518471
0.0
0.0030352568686987528
0.0
0.0
0.0
0.0
0.00011999852736716
0.001694096856948141
0.0004588178987567882
0.0
0.0
0.0
0.0005646989523160471
0.0007764610594345647
0.0
9.176357975135765e-05
0.0
0.0
0.0
8.470484284740706e-05
0.0
0.0
0.0016588031724283881
0.0
0.0
0.0
0.0
0.0008470484284740706
0.0
0.0
0.0
0.001235278958191353
0.0038823052971728236
0.0
0.0006705800058753058
0.0
0.0
0.0
0.0
9.529294820333294e-05
0.0010588105355925882
0.0
0.0
0.00014117473807901177
0.0
0.0
0.0
0.0
0.0
0.00011999852736715999
0.0
0.0010941042201123412
0.0
0.0
0.0
0.0
0.00038823052971728234
0.0
0.0023293831783036943
0.0
0.0
0.0
0.00011999852736715999
0.0027176137080209767
0.0
0.0
0.0
0.0
0.0013411600117506116
0.0007764610594345647
0.0
0.0015882158033888824
0.0
0.0001235278958191353
0.0
0.0
0.0
0.0
0.0
9.176357975135765e-05
0.0
0.0020470337021456704
0.0
0.0
0.001764684225987647
0.0
0.0005294052677962941
0.0
0.00018705652795469058
0.0001905858964066659
0.0
0.0
0.0015882158033888824
0.0006705800058753059
0.0
0.00038823052971728234
0.0014823347498296234
0.00017293905414678942
0.00038823052971728234
0.0
0.0
0.0
0.00023293831783036942
0.0005999926368358
0.0
0.0004941115832765412
0.0
0.0
0.0
0.0
0.0
0.0
0.0
0.0
0.00022587958092641882
0.0
6.705800058753059e-05
0.0008470484284740706
0.0
0.0
0.0
0.0
0.0
0.0
0.0
0.0011646915891518471
0.00023999705473432
0.0
0.00032823126603370235
0.0
0.0
0.0008823421129938235
0.0002894082130619741
0.0
0.0
0.0012705726427111059
0.0
0.0
0.0
0.0
0.0
-3.3465916777196583e-19
0.0
0.0
0.0
0.0
0.0
0.0
0.0
0.0
0.0004235242142370353
0.0
0.0014470410653098706
0.0
0.0
0.0
0.00017293905414678942
0.0
0.0
-4.183239597149573e-20
0.0
0.0
0.0
0.0
0.00015529221188691293
0.0
0.0015882158033888824
0.0005646989523160471
0.0
0.0
0.0015176284343493766
0.0
0.0
0.0
0.0
0.0
0.0
0.0
0.0
0.0
0.0
0.0
0.0
0.0
0.0
0.0
0.0005294052677962941
0.001235278958191353
0.0
0.00016235094879086355
0.0
0.0
0.0
0.0
0.0011999852736716
0.0
0.0010588105355925882
0.0
0.0
0.0
0.0
0.0
0.0
0.0
0.0
0.001235278958191353
0.001976446333106165
0.0
0.0009882231665530824
0.0028234947615802353
0.0006352863213555529
0.0005294052677962941
0.0
0.0005646989523160471
0.0005999926368358
0.0003224362391105319
0.0026117326544617177
0.0
0.0010588105355925882
0.0
0.0005294052677962941
4.2450981747334166e-05
0.0
0.0
0.0
0.0
0.0002576438969941965
0.004235242142370353
0.0
0.0010941042201123412
0.003494074767455541
0.0
0.0019411526485864118
0.0015882158033888824
0.0010588105355925882
0.0
0.0
0.0
0.0
0.0
0.0
0.0
0.003529368451975294
0.0
0.0
0.0
0.0
0.0
0.0008117547439543177
0.0004235242142370353
0.0
0.0004235242142370353
0.0007764610594345647
0.0
0.0
0.0
0.0
0.00015176284343493764
0.00020823273866654236
0.0
0.0010235168510728352
0.0
0.0
0.00014117473807901177
0.0
0.0
0.0002223502124744435
0.0
0.0
0.0002894082130619741
0.0
0.0
0.0004941115832765412
0.00010235168510728352
0.0015176284343493764
0.0
0.0019058589640666588
0.00013411600117506118
0.0
0.00011999852736715999
0.001729390541467894
0.0
0.0
0.0
0.0
0.0001694096856948141
7.058736903950588e-05
0.0
0.0
0.0014470410653098706
0.0
0.00015176284343493764
0.0
0.0
0.001235278958191353
0.0007411673749148117
0.00031764316067777647
0.0
0.0002435264231862953
0.0
0.0004235242142370353
0.0
0.0008470484284740706
0.0
0.0004588178987567882
0.0003224362391105319
0.0005294052677962941
0.0014470410653098706
0.0
0.0
0.0
0.0012705726427111059
0.0005999926368358
0.0
0.0004588178987567882
0.00038823052971728234
0.001764684225987647
0.0
0.001729390541467894
0.00028234947615802354
0.0
0.0005999926368358
0.0
0.0
0.0
0.0
0.0
0.0004941115832765412
0.0012705726427111059
0.0009529294820333294
8.823421129938235e-05
0.0
0.0
0.0023999705473432
0.0
0.0
0.0018705652795469058
0.0
0.001694096856948141
0.0
0.0
0.0
0.0
0.0009882231665530824
0.0
0.0026823200235012233
0.0
0.0
8.470484284740706e-05
0.0
0.0
0.0010941042201123412
0.004235242142370353
0.0006705800058753058
0.0
0.0005999926368358
0.0
0.0
0.0
0.0
0.00010941042201123412
0.0005294052677962941
0.003529368451975294
0.002470557916382706
0.0002294089493783941
0.0
0.0
0.0
0.0
0.0
0.0
0.00010235168510728352
0.00010235168510728352
0.00013058663272308587
0.0
0.0020823273866654233
0.0
0.0
0.0014117473807901176
0.0
0.0
0.0
0.0007058736903950588
0.0012705726427111059
0.00018705652795469058
0.0001764684225987647
0.0
0.0
0.0004588178987567882
0.0005646989523160471
0.002364676862823447
0.0038823052971728236
0.0
0.0
0.0002752907392540729
0.0
0.0045881789875678826
0.0
0.0
0.0
0.0
0.0
0.00013411600117506118
0.0
0.0015529221188691294
0.0
0.0
0.001235278958191353
0.0002788201077060482
0.0
0.0
0.0009529294820333294
0.0005294052677962941
0.0010941042201123412
0.0
0.0017999779105073999
0.0004588178987567882
0.0
0.0
0.0
0.0
0.0
0.0
0.0
0.0
0.0006448579685975657
0.0
0.0
0.0
0.0002435264231862953
0.0022587958092641883
0.0009882231665530824
0.0
0.0
0.0009529294820333294
0.0003529368451975294
0.00021529147557049295
0.0013764536962703646
0.0005999926368358
0.0
0.0
0.0014823347498296234
0.0027882010770604823
0.0
0.0
0.0
0.0
0.0
0.0
0.0011999852736716
0.0
0.0008117547439543177
0.00034587810829357884
0.0
0.0008823421129938235
0.0015176284343493764
0.0
0.0
0.0
0.0
0.0004588178987567882
0.0
0.0
0.0
0.0
0.0009529294820333294
0.0005999926368358
0.0013411600117506116
0.0
7.764610594345646e-05
0.0
0.0003529368451975294
0.0
7.058736903950588e-05
0.0
0.0
0.0014823347498296234
0.0012705726427111059
0.0
0.0
0.0
0.0
0.00032823126603370235
0.0
0.0
0.0
0.0
0.0010588105355925882
0.0
0.0
0.0
0.0
-3.3465916777196583e-19
0.0
0.0
0.0009529294820333294
0.0001905858964066659
0.0
0.0
0.0
0.0005294052677962941
6.705800058753059e-05
0.0
0.0009529294820333294
9.529294820333294e-05
0.0
0.0038823052971728236
0.0029646694996592468
0.0
0.0005646989523160471
0.0
0.0
0.0
0.0
0.0
0.0
0.0
0.0
0.0
0.0
0.0
0.0
0.0
0.0
0.0018705652795469058
0.0
0.0027176137080209763
0.0008823421129938235
0.0006705800058753058
0.0031764316067777647
0.0005294052677962941
0.0
0.0007411673749148117
0.0
0.00023999705473431998
0.0021176210711851763
0.0004941115832765412
0.0004235242142370353
0.0
0.0
0.00016235094879086352
0.0
9.176357975135765e-05
0.0
0.0
0.0
0.0015529221188691294
0.0
0.00038823052971728234
0.0
0.0004941115832765412
0.00028234947615802354
0.0
0.0
0.0008117547439543177
0.0
0.0012705726427111059
0.0
0.0005294052677962941
0.001976446333106165
0.0
0.001235278958191353
0.0
0.0
0.0012705726427111059
0.0029293758151394942
0.0
0.0004235242142370353
0.0
0.0012705726427111059
0.0025764389699419648
0.0002294089493783941
8.117547439543176e-05
0.0
0.0
0.0
0.0
0.00038823052971728234
0.0014823347498296234
0.0
0.0
0.0
0.0029999631841789998
0.0
0.00010941042201123412
0.00010588105355925882
0.0
0.00016588031724283883
0.00010588105355925882
0.002470557916382706
0.0
0.0
0.0
0.0
0.0022587958092641883
0.0011999852736716
0.0029999631841789998
0.0
0.0
0.0
0.0
0.0
0.0
0.0
0.0
0.00038823052971728234
0.0
0.00026823200235012235
0.0
0.0
0.0
0.0
0.0
0.0001764684225987647
0.0
0.003423487398416035
0.0021529147557049293
0.0
0.0
0.0
0.00038823052971728234
0.0
0.0
0.0
0.0007058736903950588
0.0
0.0
0.0
0.0
0.0004941115832765412
0.0
0.00018705652795469058
0.0004941115832765412
0.0002894082130619741
0.0
0.0
0.0
0.0
0.0031058442377382587
0.0
0.0
0.0
0.0027882010770604823
0.0
0.0008823421129938235
0.00038823052971728234
0.00031764316067777647
0.0009176357975135764
0.0
0.0
0.0
0.001870565279546906
0.0
0.0
0.0
0.0
0.00015882158033888824
0.0026823200235012233
0.0013058663272308589
0.0005999926368358
0.0
0.0004941115832765412
0.00034234873984160353
0.0
0.00026823200235012235
0.0
0.0
0.002364676862823447
0.0
0.0
0.0
0.0019058589640666588
0.0001835271595027153
0.0005999926368358
0.0013058663272308589
0.0
0.0
0.0
0.0
0.0
0.0
9.176357975135765e-05
0.0
0.00020823273866654236
0.0
0.0
8.470484284740706e-05
0.0
0.0
0.0010941042201123412
0.0
0.0
0.0008117547439543177
0.0002894082130619741
0.0
0.0
0.0
0.0
0.0002894082130619741
0.0
0.00011646915891518471
0.0
0.0
0.0
0.0
0.0
0.0014470410653098706
0.0003070550553218506
0.0
0.0
0.0011646915891518471
0.0
0.0
0.0
0.0009529294820333294
0.0005294052677962941
0.0
0.00038823052971728234
0.0004941115832765412
0.0
0.0
0.0014823347498296234
0.0
0.0
0.0
0.0
0.0
0.0
0.0
0.0
0.0005294052677962941
0.0008117547439543177
0.0029646694996592468
0.0
0.0
0.0
0.0026470263389814707
0.0
7.411673749148118e-05
0.0
0.0026823200235012233
0.0
0.0
0.00034587810829357884
0.00025058516009024586
0.0
0.0
0.00027176137080209766
0.0010235168510728352
0.0014470410653098706
0.0
0.0
0.0
0.0
0.0
0.0010588105355925882
0.0
0.003529368451975294
0.0007411673749148117
0.00014823347498296236
0.0
0.0
0.0
0.00022587958092641882
0.0
0.0
0.0
0.0
0.00021176210711851764
0.0
0.0014117473807901176
0.0
0.0
0.0
0.0
0.0
0.0
0.0
0.0007764610594345647
0.0
0.0
0.0
0.0
0.0026117326544617177
0.0038823052971728236
0.0021529147557049293
0.0
0.0
0.0009882231665530824
0.0006705800058753058
7.411673749148118e-05
0.0004588178987567882
0.0
0.001235278958191353
0.0
0.0
0.0
0.00020823273866654236
0.0
0.0
0.0
0.0013764536962703646
0.0
0.0
0.0007764610594345647
0.0004588178987567882
0.0
0.0
0.0016588031724283881
0.0030705505532185057
0.0
0.0
0.0
0.0
0.0005646989523160471
0.0
0.0
0.0
0.0
7.058736903950588e-05
0.0
0.0
0.0017999779105073999
0.0
0.0
0.0
0.0
-1.0458098992873932e-20
0.0
0.0
0.0
0.0
0.001870565279546906
0.0
0.0
0.0
0.0
0.00038823052971728234
0.0
0.0
0.0
0.0
0.0
0.0
0.0025411452854222118
0.0009529294820333294
0.0003529368451975294
0.0
0.0
0.0
0.0
0.0
0.0
0.0
0.0
0.0
0.0002858788446099988
0.0
0.0020470337021456704
0.0
0.0033529000293765292
0.0009176357975135764
0.0
0.0
0.0004941115832765412
0.0
0.0015176284343493764
0.0
0.0026117326544617177
0.0
0.0
0.0
0.0
0.00020470337021456705
0.0
0.0
0.00026470263389814704
0.0005294052677962941
0.0002223502124744435
0.0020823273866654233
0.0
0.0
0.0
0.0
0.0
0.0005999926368358
0.0
0.00033176063448567766
0.0004235242142370353
0.0
0.0007764610594345647
0.0
0.00038823052971728234
0.0
0.0
0.0
0.0
0.0
0.0
0.0005646989523160471
0.0
0.0008470484284740706
0.0
0.0
0.003529368451975294
0.0
0.00016588031724283883
0.0
0.0002223502124744435
0.0
0.0
0.0
0.0
0.0
0.003529368451975294
0.0
0.0
0.001764684225987647
0.0
8.117547439543176e-05
0.0
0.0
0.00038823052971728234
0.0
0.0016588031724283881
0.0002788201077060482
0.0
0.0
0.0014117473807901176
0.00017999779105073999
0.0
0.0
0.00013411600117506118
0.0
0.0
0.0
0.0032823126603370232
0.001235278958191353
0.0
0.0005646989523160471
0.0
0.0012705726427111059
0.0005646989523160471
0.00026823200235012235
0.0
0.0
0.0
0.0
0.0
0.0021529147557049293
0.0015529221188691294
0.0
0.0
0.0
0.0
0.0013411600117506116
0.0
0.0005294052677962941
0.0
0.0014823347498296234
0.0
0.0
0.0
4.941115832765411e-05
0.0
0.0
0.0
0.0
0.0
0.004235242142370353
0.0
0.001235278958191353
0.0017999779105073999
0.0
0.0
0.0
0.0
0.0025058516009024588
0.0
0.0004588178987567882
0.0005294052677962941
0.0003352900029376529
8.470484284740706e-05
0.0
0.00010941042201123412
0.0
0.0
0.0015529221188691294
0.0
0.0
0.0
0.0
0.0
0.0
0.0
0.0
0.0
0.0
0.00012705726427111058
0.0
0.0
0.0
0.0
0.00015529221188691295
0.0
0.0
0.0
0.0011293979046320941
0.0
0.0014117473807901176
0.00013411600117506118
0.0032470189758172707
0.0
0.0
0.0
0.0
0.0
0.001976446333106165
0.0
0.00021529147557049295
0.0
0.0
0.0
0.0002576438969941965
0.0
0.0002752907392540729
0.0010588105355925882
0.0
0.0015882158033888824
0.0
0.001235278958191353
0.0
0.0
0.0
0.0002929375815139494
0.0
0.0
0.0
0.00020117400176259176
0.0
0.0
0.0
0.0015882158033888824
0.0
0.0
0.0
0.0
0.0
0.0
0.0005294052677962941
0.0004941115832765412
0.0
0.0
0.0021176210711851763
8.117547439543176e-05
0.0005646989523160471
0.0
0.0
0.0
0.0007058736903950588
0.0
0.0
0.0
0.0
0.0
0.0
0.0
0.0
0.0
0.0
6.705800058753059e-05
0.0007058736903950588
0.0
0.0
0.0
0.0
0.0
0.0
0.0
0.0030352568686987528
0.0
0.0015882158033888824
0.0012705726427111059
9.176357975135765e-05
0.0
0.0
-1.6732958388598291e-19
0.0
0.0
0.0005294052677962941
0.0
0.0
0.0
0.0
0.0004588178987567882
0.0
0.0
0.0005999926368358
0.0
0.0004941115832765412
0.0001870565279546906
0.0
0.0
0.0006352863213555529
0.0
0.0
0.0
0.0008470484284740706
0.0018352715950271528
0.0
0.0
0.0
0.0
0.0
0.0
0.0
0.0
0.0
0.0008470484284740706
0.0
0.0031411379222580117
0.0013058663272308589
0.0
0.0
0.0007411673749148117
0.0
0.0
0.0
0.0
0.0
0.0
0.0005646989523160471
0.0
0.0
0.0003224362391105319
0.0027882010770604823
0.0011999852736716
0.0
0.00038823052971728234
0.0
0.002435264231862953
0.00021529147557049295
0.0007058736903950588
0.0
0.0
0.0
9.176357975135765e-05
0.0
0.002011740017625918
0.0
0.0
0.0
0.0
0.0005294052677962941
0.0
0.0010588105355925882
0.0
0.0020823273866654233
0.0
0.00016235094879086352
0.00014470410653098705
0.0
0.0
0.0
0.001235278958191353
0.0003494074767455541
0.0
0.0
0.0001870565279546906
0.0008470484284740706
0.0004941115832765412
0.0009176357975135764
0.0
0.0
0.0
0.0
0.0
0.0
0.0
0.0
0.0004235242142370353
0.0
0.0013058663272308589
0.0
0.0
0.0011646915891518471
0.0
0.0025058516009024588
0.0
0.0003224362391105319
0.0
0.0
0.0
0.0
0.001235278958191353
0.0
0.0019411526485864118
0.0010588105355925882
0.0
0.0
0.00023293831783036942
0.0
0.0
0.0
0.0
0.0019058589640666588
0.0013764536962703646
0.0
0.0015882158033888824
7.058736903950588e-05
0.00010941042201123412
0.0005646989523160471
0.0
0.0007411673749148117
0.0
0.0
0.0
0.0
0.0
0.0
0.0
0.0
0.010941042201123411
0.0
0.0
0.0015882158033888824
0.0
0.0
0.0
0.0007411673749148118
0.0
0.0004941115832765412
0.0002223502124744435
0.0
0.0
0.0005646989523160471
0.0
0.0008823421129938235
0.0
0.0022940894937839413
0.0007411673749148117
0.0
0.0
0.0
0.0
0.0
0.0
0.0005999926368358
0.0
0.0
0.0
0.0
0.0
0.0
0.0
0.0
0.0
0.0
0.0
0.0
0.0
0.0007058736903950588
0.0
0.0025764389699419648
0.0
0.0
9.176357975135765e-05
0.0003494074767455541
0.0
0.0
0.0
0.0010588105355925882
0.0
0.0
0.0
0.00038823052971728234
0.0
0.0008470484284740707
0.0
0.0
0.0
0.0
0.0015529221188691294
0.0025411452854222118
0.0
0.0
9.882231665530824e-05
0.0
0.0
0.0
0.0010235168510728354
1.6732958388598291e-19
0.0
0.0
0.0
0.0
-4.183239597149573e-20
0.0
0.0
0.0
0.0
0.0
0.0
0.0
0.0
0.0
0.0
0.00011293979046320941
0.0
0.0
0.0008470484284740706
0.0013058663272308589
0.0027176137080209763
0.0
0.0014470410653098706
0.0004941115832765412
0.0
0.0
0.0
0.0
0.0010235168510728354
0.0
0.0
0.0
0.0
0.0
0.0
0.0
0.0
0.0005294052677962941
0.0003529368451975294
0.0
0.0011999852736716
0.0
0.0016588031724283881
0.0
0.0
0.0
0.0
0.0
0.0
0.0
0.0018352715950271528
0.0008470484284740706
0.0011999852736716
0.003423487398416035
0.0
0.0
0.0
0.0
0.0006448579685975657
0.003529368451975294
8.470484284740706e-05
0.0008117547439543177
0.0
0.0
0.0028940821306197412
0.0
0.0016235094879086353
0.0
0.00017999779105073999
0.0
0.0056469895231604705
0.0
0.0025411452854222118
0.0
0.0
0.0
0.00016588031724283883
0.0026823200235012233
0.00033176063448567766
0.0
0.0
0.0
0.001729390541467894
0.0008117547439543177
0.0
0.0009176357975135764
0.0
0.0004941115832765412
0.0
0.0
0.0002364676862823447
0.0002964669499659247
0.0
0.0
0.00019411526485864117
0.0
0.0
0.0
0.0
0.0
0.0
0.0
0.0
0.0007058736903950588
0.0007058736903950588
0.0
0.0
0.0
0.0
0.0
0.0
0.0
7.058736903950588e-05
0.0
0.0
0.0031058442377382587
0.0
0.0022587958092641883
0.0009882231665530824
0.0
0.0
0.0
0.0
0.0010941042201123412
0.0
0.0012705726427111059
0.0
0.0
0.0
0.0013411600117506116
0.0002223502124744435
0.0
0.0
0.0
0.0006705800058753058
0.0
0.0
0.0
0.002435264231862953
0.0045881789875678826
0.0
0.00019764463331061645
0.0
0.0010588105355925882
0.00014823347498296236
0.0017999779105073999
0.0
0.00016588031724283883
0.0014470410653098706
0.0
0.0
0.0005294052677962941
0.0
0.0052940526779629415
0.0
0.0
0.0
0.0
0.0
0.0
0.0
0.0
0.0
0.0
0.0
0.0025411452854222118
0.0
0.0
0.0
0.0
0.0
0.0
0.0
0.0
0.0
0.0
0.0016588031724283881
0.0
0.0
0.0005646989523160471
7.411673749148118e-05
0.0003529368451975294
0.0
0.001729390541467894
0.0
0.0
0.0017999779105073999
0.0
0.0
0.0026117326544617177
0.0
0.0015176284343493766
0.0
0.0
0.0
0.0005999926368358
0.0008470484284740706
0.0
0.0
0.0008470484284740706
0.0
0.0
0.0
0.0
0.0
0.0
0.0
0.0
0.0025058516009024588
0.0005646989523160471
0.0013411600117506116
0.0
0.0
0.0
0.0
0.0
0.0
0.0
0.0
0.0
0.0
0.0
0.0
0.0
0.0
0.0
0.0
0.0
0.0
0.0
0.0
0.0
0.0003494074767455541
0.0
0.0
0.0
0.0013411600117506119
0.0
0.0
0.0
0.00010941042201123412
-1.6732958388598291e-19
0.0
0.0
0.0
0.0
0.0
0.0
0.0
0.0
0.0
0.0010941042201123412
0.0
0.0
0.0
0.0
0.0
0.0
0.0002223502124744435
0.0
0.0
0.0
0.0
0.0
0.0007764610594345647
0.0
0.0
0.0
0.0
0.0
0.0
0.0045881789875678826
0.0
0.0
0.0
