5.576771909139267e-05
0.00016110674404180104
0.0
0.0
5.355786102049868e-20
0.0
0.0009781131736694532
2.677893051024934e-20
0.0
0.0
0.0
0.0
0.0
0.0
0.0
0.0
0.0
5.355786102049868e-20
0.0
0.0
0.0
0.0
0.0006378998958713824
0.0
0.0
0.0
0.0
0.0
2.1423144408199472e-19
0.0
0.0
0.0
0.0
0.0
0.0
0.0
-3.3473663137811674e-21
0.0024665462640360123
0.0
0.0
0.0
0.0
0.0
0.0
0.0
0.0017861197084398709
0.0
0.0
0.0
2.677893051024934e-20
0.0
0.002721706222384565
0.0
0.0
0.0
0.0
0.0
0.0
0.0
0.0
0.0
0.0
0.0
0.0
0.0008080065347704178
0.0
0.0
0.0
0.0
0.0
0.0001020639833394212
0.0001573486409816077
0.0
0.0
0.0
0.0
0.0
0.0
0.0
0.0
1.0711572204099736e-19
0.0
6.196413232376964e-05
0.0
0.0
0.0
0.0010631664931189707
0.0
0.0
5.355786102049868e-20
1.0711572204099736e-19
0.0
0.001530959750091318
0.0
0.0012332731320180061
0.0
0.0
0.0
5.9537323614662367e-05
0.0
0.0
0.0004040032673852089
0.0012757997917427649
0.0
0.0
0.0
0.0007229532153209001
0.0
0.0
0.0
0.0
0.0
0.0
0.0
0.0
0.0
0.0010631664931189707
0.0
0.0
0.0
0.0
0.0
0.0
0.0
0.0
0.0
0.0007229532153209001
0.0
0.0
0.0014459064306418003
0.0
0.0
0.0010631664931189707
0.0
0.00010224081833421988
8.080065347704178e-05
0.0
0.0
0.0
0.0
0.0
0.0
0.00013608531111922826
0.0
0.0
0.0
0.0
4.2846288816398943e-19
0.0
0.0
0.0
0.00034021327779807064
0.0
0.0
0.00018286463681646298
0.0
0.0
0.0
8.674978525327749e-05
0.0
0.0
0.0
0.0
0.0
0.0
0.0
0.0001998753007063665
0.0
0.0
0.0
0.00018711730278893885
8.674978525327749e-05
0.00013941929772848168
0.0
0.0
9.355865139446943e-05
0.0
0.0011056931528437297
6.378998958713825e-05
0.0
0.0
0.0
4.2846288816398943e-19
0.0
0.0
0.0
8.080065347704178e-05
0.0001573486409816077
0.0
0.0
0.0
0.0
0.0
0.0
0.0
0.0
0.0
0.0
0.0
0.0
0.0
0.0
0.0
0.0008505331944951767
3.717847939426178e-05
0.0010631664931189707
0.0
0.0
0.0
0.00018286463681646298
0.0
0.0
0.0
0.0
0.0
0.0
0.0
0.0
0.0
0.0
0.0
0.0
0.0
0.0
0.0
0.0
1.0711572204099736e-19
0.0
0.0
0.0
8.055337202090052e-05
0.0
0.00016160130695408356
0.0
0.0
0.0
4.027668601045026e-05
3.717847939426178e-05
0.000255159958348553
9.604440510184293e-05
0.0
0.0
0.0
0.0
0.0
0.0
0.0
0.0006804265555961413
0.0
0.0022113863056874594
0.0
0.0
0.0
5.2669512475204187e-05
0.0002041279666788424
0.0014459064306418003
3.4080272778073294e-05
0.0
0.0038699260349530536
0.0
0.0
5.355786102049868e-20
0.0
0.0
1.0711572204099736e-19
3.098206616188482e-05
0.0
0.0
0.0
0.0
0.0
0.0
0.0
0.0
0.0013183264514675238
0.0
0.0
0.0
0.0
0.0
0.0
0.0
0.0
2.677893051024934e-20
0.0
0.0011907464722932474
2.677893051024934e-20
0.0
0.00020838063265131828
0.0
0.0
0.0
0.0
0.0
0.0
0.0
0.0
0.0018711730278893886
0.0001530959750091318
0.0005528465764218648
0.0
0.0
0.0
0.0015734864098160767
0.0006804265555961413
0.0
0.0
0.0
0.0
0.0
0.0008080065347704178
0.0015734864098160767
0.0
8.674978525327747e-06
0.0
0.0008505331944951767
0.0
0.0017010663889903534
0.0
1.858923969713089e-05
2.677893051024934e-20
2.677893051024934e-20
0.001275799791742765
0.0
0.0
0.0
0.0
0.0
0.00019136996876141475
0.0
0.0008080065347704178
0.0
0.0
0.0
0.0
0.0
0.0
0.0
0.0
0.0
0.0
0.0
0.0
0.0
0.0
0.0009781131736694532
2.677893051024934e-20
0.0
0.0011482198125684884
0.0
0.0
0.0
2.677893051024934e-20
0.0
0.00039124526946778123
0.0005528465764218648
0.0
0.0006378998958713824
0.0
0.0
0.0
0.0025941262432102887
0.0
0.0
0.0
0.0
0.0
0.0
0.0
0.0
0.0
0.0
0.0
0.0
0.0
5.355786102049868e-20
0.0
0.0002466546264036012
0.0
0.0
2.677893051024934e-20
0.0
0.0
0.0
0.0
0.0
0.0
0.0
0.0
0.0
0.0001275799791742765
0.0
-1.338946525512467e-20
0.0
0.0
0.0
0.0006804265555961413
0.001020639833394212
0.0
0.0
0.0
0.0
0.0
0.0
0.0005953732361466237
1.2083005803135078e-05
0.0
0.0
0.0
0.002721706222384565
0.0
0.0
0.0
0.0
0.0
0.0
0.0
0.0
0.0
-1.338946525512467e-20
0.0
0.0
0.0
0.0
0.0
0.0
0.0
0.0
0.0
0.0
0.0
0.0009781131736694532
0.0013608531111922826
0.0
0.0
2.677893051024934e-20
0.0
0.0
0.0
0.0
0.0
0.0
0.0
0.0
0.0
6.196413232376964e-05
0.0013183264514675238
0.00020838063265131828
0.0
0.0
0.0028918128612836005
0.0
0.0
0.0
0.0
0.0
0.0
0.0
0.0
0.0
0.0008930598542199354
0.00024240196043112533
0.0
0.0
0.0
0.0
0.0
0.0
0.0
0.0
0.0
0.0
0.0
2.1423144408199472e-19
0.0
0.0
0.0018477449340524048
0.0
0.0
0.0
5.8865925707581146e-05
0.0
0.0
0.0
0.0
0.000510319916697106
0.0
0.0
6.506233893995811e-05
0.0
0.00028918128612836005
0.00013608531111922826
0.0
0.0
0.0
0.0
0.0
0.0
0.0
0.0
0.0
0.0
0.0
0.0
0.0
0.0
0.0
0.0
2.677893051024934e-20
0.0
0.0
0.0
0.0
0.0
0.0
0.0
0.0005528465764218648
0.0009781131736694532
0.0
0.0009781131736694532
0.001530959750091318
0.0
0.0
0.0
0.0
0.0
0.0
0.0
0.0
0.0
0.0002466546264036012
0.0
0.0
0.0
0.0032320261390816713
-1.338946525512467e-20
0.0017861197084398709
0.0
5.355786102049868e-20
0.0031469728196321534
0.0
0.0
0.000765479875045659
5.355786102049868e-20
0.00011056931528437297
0.0008080065347704178
0.0006804265555961413
0.0
0.0
0.0
0.0
0.0
0.0005953732361466237
0.0
0.0
0.0
0.0
1.0711572204099736e-19
0.0
0.0
0.0
0.0
0.0
0.0
0.0
0.0
0.0
0.0
0.0
0.0
0.0
0.0
0.0007229532153209001
0.0
0.0036572927363292596
0.0
8.055337202090052e-05
0.0
0.0
0.0034446594377054653
0.0
5.355786102049868e-20
0.0
0.0
0.0
0.0
0.0
0.0005953732361466237
0.0
0.0
0.0
0.0
5.355786102049868e-20
0.0
0.0
0.0
0.0
0.0
0.0
0.001275799791742765
0.0
0.0
0.0
0.0
0.0
0.0008505331944951767
0.00021263329862379417
0.0
0.0
1.3632109111229318e-05
0.0
0.0
1.0711572204099736e-19
0.0008930598542199354
0.0
0.0005953732361466237
0.0
0.0
0.0
0.0
0.0
0.0
0.0
0.0
0.0019136996876141475
0.0
0.0
0.0
0.0
0.00042526659724758834
0.000765479875045659
0.0
0.0
0.0
0.00029768661807331185
0.0
0.0
0.0
0.0
0.0
0.0007229532153209001
0.0
0.0017435930487151121
0.0019562263473389065
0.0016585397292655944
0.0014459064306418003
0.00013183264514675237
0.0
0.0
0.0
0.0
0.0
0.0
0.0
0.0
0.0
0.0
0.0
0.00014884330903665592
0.0
0.0
5.355786102049868e-20
0.0
4.3374892626638744e-05
0.0
0.0014033797709170415
0.001530959750091318
0.0010631664931189707
0.00034871860974302243
0.0
0.0
0.0
0.0
0.0
0.0006804265555961413
5.355786102049868e-20
0.0
0.0001233273132018006
0.002509072923760771
0.00013608531111922826
0.0
0.0
0.0
0.0
0.0
0.0
0.0
0.0
0.0002509072923760771
0.0
0.0
0.0
0.0
0.0
0.0009781131736694532
5.355786102049868e-20
0.0
5.355786102049868e-20
0.0
0.0
0.00016160130695408356
2.850350086893403e-05
0.0
0.0
0.0
0.0
0.0
0.0
0.0
0.0011056931528437297
0.002509072923760771
0.0
0.0
0.0
0.003529712757154983
0.0
0.0
0.00034021327779807064
0.0
0.0
0.0006804265555961413
0.001786119708439871
0.0
0.0
0.0
0.0026791795626598066
0.0
0.0014033797709170415
0.0
0.0
0.00019518701681987434
0.0
0.0
0.000765479875045659
0.0
0.0
0.0
0.0014033797709170415
0.0
5.355786102049868e-20
0.00046779325697234714
0.0019136996876141475
0.0
0.0
0.0006378998958713825
0.0
0.0
0.0
0.0
0.00046779325697234714
0.0
0.0008930598542199354
0.0
0.0
0.0
0.0
0.000510319916697106
0.0
0.00035297127571549833
7.229532153209001e-05
0.0
0.0
0.0
0.0
0.00013183264514675237
0.0
0.0
0.0
1.338946525512467e-20
0.0
0.0
0.0
0.00011482198125684885
0.0
0.0
0.0
0.000765479875045659
0.0026366529029350477
0.0
0.0
0.0
0.0
2.677893051024934e-20
0.0
0.0
0.0
-1.6736831568905837e-21
0.0
0.0011482198125684884
0.0
0.0
0.0
0.0
0.0
0.0
0.0
0.0
0.0
0.0
0.0
0.0
0.0014459064306418003
0.0
0.0012332731320180061
0.0
-6.694732627562335e-21
0.0014459064306418003
0.0014459064306418003
0.0
0.0
0.0
0.0
0.00046779325697234714
0.0013608531111922826
0.0
0.0
0.0
0.0016160130695408357
0.0
0.0
0.004252665972475883
0.0038699260349530536
0.0
0.0
0.0
0.0
0.0
0.0
0.0
0.0014033797709170415
0.0
0.0
0.0
0.0
0.00028492862015588416
0.0
0.0
0.0
0.00022113863056874594
0.0
0.0028918128612836005
0.0
0.0
0.0
0.0
0.0
0.0
0.000510319916697106
0.0002721706222384565
0.0
0.0
1.0711572204099736e-19
0.0013183264514675238
0.0
0.0
0.0
0.0
0.001020639833394212
0.0
0.0
0.0
0.0
0.0
0.0
0.0
0.0
0.0
0.0
0.00034871860974302243
0.0
0.0
0.0
0.0
0.0
0.00016160130695408356
0.0013608531111922826
0.0
0.0
0.0
0.0
0.0
0.0
0.0
0.0
1.1153543818278534e-05
0.0
-6.694732627562335e-21
0.0013183264514675238
0.0
0.0
0.0
5.10319916697106e-05
0.0
0.0
0.0
0.0
0.0
0.0019136996876141475
0.0
0.0
0.0005528465764218648
0.0011482198125684884
0.0
0.0
0.0
0.0003784872715503536
0.0
0.0001573486409816077
0.0038699260349530536
0.0026366529029350477
0.0
0.0
0.0010631664931189707
0.0
0.0008930598542199354
0.0
0.0011482198125684884
0.0
0.0
0.0
0.0
0.0
0.0001020639833394212
0.0
0.0
0.0
0.0
0.0
0.0
0.0
0.001530959750091318
0.0026366529029350477
0.0
0.0
0.0
0.0014033797709170415
0.0
0.0036147660766045007
0.0
0.0
0.0
0.0
0.0031469728196321534
0.0
0.0
0.00016160130695408356
0.0
0.0001982852234360628
0.0
0.0
0.0
0.0
0.0001998753007063665
0.0
0.0
0.0
0.0
0.0
5.355786102049868e-20
0.0
0.0
-6.694732627562335e-21
0.0
0.0
0.0013608531111922826
-1.338946525512467e-20
0.0
0.0
0.0
0.0
0.0
1.2083005803135078e-05
0.0
0.0
0.0005953732361466237
0.0
0.0014459064306418003
0.0
0.0001233273132018006
0.0
4.647309924282722e-05
0.0
0.0
0.0032320261390816713
0.0
0.0021688596459627004
0.0
0.003912452694677813
0.0015734864098160767
0.003317079458531189
0.0
0.0
0.0
0.0
0.0
0.0008505331944951767
0.0
0.0002466546264036012
0.0
0.0
0.0
0.00011482198125684885
0.003784872715503536
0.0011482198125684884
0.0013608531111922826
0.0
0.0
0.0
0.0
0.0003869926034953054
0.0
1.7659777712274346e-05
0.0
0.001020639833394212
0.0
0.0
0.00011773185141516229
5.355786102049868e-20
0.0
0.0
0.0
0.0009781131736694532
0.0
0.0
0.0
0.0
0.0
0.0
2.664457689922094e-05
0.0
0.0
0.0
0.0
0.0
0.0
0.0
0.0
0.001530959750091318
0.0
0.0011907464722932474
0.0
0.00014033797709170416
0.0
0.0
0.0
0.00034021327779807064
0.0
0.0
0.0016160130695408357
0.0
0.0005528465764218648
0.0
0.0008930598542199354
0.001488433090366559
0.0
0.0
0.0
0.0
0.0
0.0
0.0
0.0
0.0014459064306418003
0.0
0.0
0.0018711730278893886
0.0036572927363292596
0.0
0.0
0.0009355865139446943
0.0
0.0
0.00019136996876141475
0.0
0.0
0.002041279666788424
0.0017861197084398709
0.00035722394168797417
0.0
0.0
0.002338966284861736
0.0009781131736694532
0.0024665462640360123
0.0012332731320180061
0.0
0.0
0.00019562263473389062
0.0
0.0
0.0
0.002509072923760771
0.0
0.0
0.0
0.0
0.0
0.0
0.003912452694677813
0.0
0.0
0.0
0.0
0.0
0.0
1.0711572204099736e-19
0.0034871860974302242
0.0
1.0711572204099736e-19
0.0018286463681646298
0.001488433090366559
0.0
0.0013608531111922826
0.0
0.0
0.0
0.0013608531111922826
0.0
0.0015734864098160767
0.0
0.0
0.0
0.0001332228844961047
0.0
0.0
0.0
0.0
0.0
0.0
0.0018711730278893886
0.0031894994793569124
0.0
0.0
0.0
0.0
1.0711572204099736e-19
0.0
0.0
5.355786102049868e-20
0.0008930598542199354
0.0
0.0015734864098160767
0.0
0.0
0.0
0.0
0.0
0.0035722394168797417
0.00021688596459627004
0.0
0.0
0.0
0.0
0.0
5.355786102049868e-20
0.0
0.0
0.0
0.0005953732361466237
0.0008930598542199354
0.0
0.0
0.0
0.0
0.0
0.0
0.0
0.0
0.00013183264514675237
0.00036572927363292596
0.0
0.0
0.0010631664931189707
0.0
0.0
0.0
0.0
0.0
0.0
0.0
0.0011056931528437297
0.0
0.0
0.0
0.0
0.0003019392840457877
0.0
0.0
0.0018711730278893886
1.4561571096085863e-05
5.355786102049868e-20
0.000327455279880643
0.0010631664931189707
0.0
0.0
0.0009781131736694532
0.0
0.0
0.0
-1.338946525512467e-20
0.0
0.0
0.0
0.0003232026139081671
2.677893051024934e-20
0.0
0.0
0.0
0.0
0.0
0.0008080065347704178
0.00024240196043112533
0.0001998753007063665
0.0
0.0
0.0013608531111922826
0.0
1.2702647126372773e-05
0.0
0.0
0.000510319916697106
0.0
0.0
0.0
0.001020639833394212
0.0
0.0021263329862379414
0.0032320261390816713
0.0
0.0008505331944951767
0.0011056931528437297
0.0
0.0
0.0036572927363292596
0.0
0.0
0.0
0.003317079458531189
0.0
0.0
0.0
0.0
0.001488433090366559
0.0
0.0
0.0
0.0
0.0
0.0018711730278893886
0.0
0.0
0.0
0.0
0.00039124526946778123
0.0
0.0023814929445864948
0.0
0.0
0.0
0.0
0.0
0.0
0.0
0.0
0.0006378998958713824
0.0
0.0
7.435695878852356e-05
2.677893051024934e-20
0.0
0.0
0.0
0.0014033797709170415
8.674978525327749e-05
0.0
0.0
0.0
0.0
0.0
0.00029343395210083595
0.0026791795626598066
0.0
2.677893051024934e-20
0.0
0.0
0.0009355865139446943
0.0014459064306418003
2.677893051024934e-20
0.0011482198125684884
0.0
0.0
0.0
0.0
0.0
0.0
0.0
0.0
0.0018711730278893886
0.00327455279880643
0.0034871860974302242
0.0032320261390816713
0.0019136996876141475
0.0017861197084398709
0.0011907464722932474
0.0008080065347704178
0.0009355865139446943
5.355786102049868e-20
0.0
0.0
0.0
0.0
0.0
0.0
0.0
0.0
0.0
0.0
0.0
0.0
0.002764232882109324
0.0
0.0
0.0
0.0
0.0
0.0
0.0
0.0
0.0
0.0
0.0
0.0
0.0
0.0
0.0
0.0
0.0
0.0
0.0018711730278893886
0.0009781131736694532
0.0
0.0
0.002764232882109324
0.0
0.0
2.4475832267889004e-05
0.0
0.0
0.0
0.0
0.0
0.00046779325697234714
0.0
0.002041279666788424
0.0
0.0
0.0
0.0
0.0
0.0025515995834855297
0.0
0.0008505331944951767
0.0
0.000510319916697106
0.0
0.0
0.0
0.0
-1.338946525512467e-20
7.125875217233508e-05
0.0
0.0
0.0
0.0
0.0005953732361466237
0.0
0.0012757997917427649
0.0011907464722932474
0.00013608531111922826
0.0
0.0
2.677893051024934e-20
0.0
0.0
0.0009355865139446943
0.0
0.0
2.677893051024934e-20
0.0
0.0
0.0
0.0
0.0
0.0
0.0
0.0
0.0
0.0
0.0017435930487151121
3.4446594377054657e-05
0.001488433090366559
0.0
0.0
5.8865925707581146e-05
0.0
0.0
6.196413232376964e-05
0.0009355865139446943
0.0
0.0
0.0
0.0
0.0
0.0
0.0
0.0
0.0
0.0
0.0012332731320180061
0.001998753007063665
0.0
0.0
0.0002041279666788424
0.0
0.0
0.0
5.355786102049868e-20
0.0
0.000255159958348553
0.0
0.001020639833394212
0.0
0.0
0.0
0.0
0.0
0.0002764232882109324
0.0
0.0
0.0
0.0
0.0
0.0
0.0
0.0
0.0
0.0
0.00042101393127511245
0.0
0.0
0.002296439625136977
0.00327455279880643
0.0
0.0
0.0
0.0
0.0
0.0
0.00026791795626598063
8.055337202090052e-05
0.0
0.0
0.0
0.002806759541834083
0.0
0.0
0.0
0.001020639833394212
0.0002721706222384565
0.0
0.0
0.0
0.0
0.00042526659724758834
0.0014033797709170415
0.0
0.0
0.0
0.0
0.0
0.0
0.0
0.0
2.677893051024934e-20
0.0
0.0024665462640360123
0.0
0.0
0.003317079458531189
0.0
0.0012757997917427649
0.0
0.0024240196043112533
0.0
0.0
0.0
0.0
0.0008080065347704178
0.0
5.355786102049868e-20
0.0
0.0
0.0
0.0
0.0001982852234360628
0.0
0.0
0.0
0.0
0.0012332731320180061
0.0
0.0
0.0
2.677893051024934e-20
0.0
5.355786102049868e-20
0.0
0.0
0.0
0.0039549793544025715
0.0
0.0
0.0008080065347704178
0.0
5.355786102049868e-20
0.0
0.0
0.0
0.0
0.0
0.0
0.0032320261390816713
0.0
0.0006018185554155039
0.0
0.0
0.0
0.0
0.0
0.0
0.0
0.0
2.677893051024934e-20
0.0
5.355786102049868e-20
0.002509072923760771
0.0
0.0
5.355786102049868e-20
0.0
0.004677932569723472
2.677893051024934e-20
0.0
0.0
0.0
0.0
0.0
0.0
0.0
0.0
0.0
0.0
0.0009781131736694532
5.355786102049868e-20
3.3473663137811674e-21
0.0
0.0
2.677893051024934e-20
0.0
0.0
0.0
0.0
0.0
0.0
0.0012332731320180061
0.0
0.0
0.0008505331944951767
0.0
0.0
-2.677893051024934e-20
0.0
0.0008080065347704178
0.0
0.0
-6.694732627562335e-21
0.0
0.0009781131736694532
0.0
0.0011482198125684884
0.0
0.0
0.0
0.0
0.0
0.0
0.0
0.0
0.0022113863056874594
0.0
0.0
0.0
0.0
0.0
0.0
0.0
0.0
0.0
0.0
0.001530959750091318
0.0
0.0
0.0
0.0
0.0019562263473389065
0.002338966284861736
0.0
5.355786102049868e-20
5.355786102049868e-20
0.0
0.0009355865139446943
0.0
0.0
0.0
0.0
0.0
0.0
0.0
0.0
0.0
0.0
0.0
0.0028492862015588416
0.0
0.0
0.0
0.0
0.0
0.0
0.0
0.0
0.0017435930487151121
0.0
0.0
0.0
0.0
0.0
0.003019392840457877
0.0
0.0
0.0
0.0
0.0
0.0
0.0008080065347704178
0.0
0.0
0.002338966284861736
0.0
0.0
0.0008930598542199355
0.0011907464722932474
0.0
0.0
0.0
0.0
0.0
0.0
0.0007229532153209001
0.0006804265555961413
0.0
0.0
0.0
0.0
0.0
0.001488433090366559
0.0
0.0
0.0
0.0
0.0
0.0
0.0
0.0
0.0
0.0
0.0
0.0
0.0
2.677893051024934e-20
0.001998753007063665
0.0
-6.694732627562335e-21
0.0
0.0
0.0
0.0
0.0
0.0
0.00042526659724758834
0.0
0.0
0.00255159958348553
0.0
0.0
0.0
0.0
0.0
0.0
0.0
0.0
0.0
0.0007229532153209001
0.0
0.0
0.00046779325697234714
0.0
0.0
0.0
0.0
0.0
0.0
0.0
5.355786102049868e-20
0.0
0.0
0.0
0.0
0.0
0.0
0.0
-6.694732627562335e-21
0.000510319916697106
0.0
0.0016160130695408357
0.0
0.0
0.0
0.0
0.0
0.0
0.0
0.0
0.0
0.0
0.0
0.0
0.0
0.0
0.0
0.0
0.0
0.0
0.0
0.0
0.0026791795626598066
0.0
0.0
0.0
0.0
0.0
0.0
0.0008080065347704178
0.0
0.0
0.0
0.0
0.0
0.0
0.0
0.0
0.0
0.0
0.0
0.0
0.0
0.0
0.0
0.0
0.0
0.0
0.0
0.0
0.00255159958348553
0.0
-1.338946525512467e-20
0.0
0.0
0.0
0.0
0.0
0.0
0.0
0.0
0.0
0.0
0.0
0.0
0.0
0.0
0.0
0.0
0.0
0.0
0.0
0.0
0.0
0.0
0.0
0.0
0.0014459064306418003
0.0
0.0
0.0
0.0
0.0
0.0
0.0
0.0
0.0
0.0
0.0006378998958713825
0.0
0.0
0.002338966284861736
0.0
0.0
0.0
0.0029768661807331185
0.0
0.0
0.0
0.0
0.0
0.0
0.0
0.0
0.0
0.0
0.0024665462640360123
0.0
0.0
0.0
0.000327455279880643
0.0
0.0
0.0
0.0
0.0
0.004677932569723472
0.0
8.984799186946596e-05
0.0034446594377054653
0.0
0.0
0.0
0.0011482198125684884
0.001530959750091318
0.0
0.0
0.0
0.0
0.0
0.0
0.0006378998958713824
0.0
0.0
0.0
0.0
0.0032320261390816713
0.00019562263473389062
0.0006804265555961413
0.0
0.000510319916697106
0.0008505331944951767
0.0013183264514675238
0.0002296439625136977
0.00014033797709170416
3.869926034953054e-05
0.0003784872715503536
0.0008505331944951767
0.0
0.00046779325697234714
0.00011153543818278534
0.00026791795626598063
0.0005953732361466237
0.0
0.000765479875045659
0.0
0.0
0.0
3.717847939426178e-05
9.604440510184293e-05
0.000765479875045659
0.0
0.0
0.0
0.0
0.0
5.9537323614662367e-05
0.0
0.0008505331944951767
0.002338966284861736
0.0
0.0
0.0
0.0
0.0007229532153209001
0.0
0.00011056931528437297
0.0
0.0
0.0016585397292655944
0.000255159958348553
5.5284657642186484e-05
4.95713058590157e-05
0.0
0.004252665972475883
0.0
0.0013183264514675238
0.0
0.0
0.00017861197084398709
4.252665972475883e-05
0.00035297127571549833
0.0
0.0
0.0009781131736694532
0.0
0.0
0.0
0.0
0.0
0.0
0.0
0.0
0.0
0.0
0.0
0.0
0.0
0.0
0.0
0.0
0.0
0.0
0.00046779325697234714
0.0012332731320180061
0.0
0.0
2.323654962141361e-05
0.0013183264514675238
0.004210139312751124
0.0
0.0
0.0
0.0
0.0
1.177318514151623e-05
0.0
0.0011482198125684884
0.0
0.0
0.000510319916697106
0.0
0.0
0.0
0.0
0.001488433090366559
0.0
0.0
0.0013608531111922826
0.0
0.0
0.0
0.00014884330903665592
0.0
0.00013608531111922826
0.0
0.0
0.0
0.0
7.435695878852356e-05
0.0
0.0
0.0
5.8865925707581146e-05
0.0
0.0
0.0011907464722932474
0.0
0.00017861197084398709
0.0
0.0
0.0
9.604440510184292e-06
0.0
0.0
0.0
0.0
0.0
0.00014884330903665592
0.0
0.0
0.0
0.0
0.00013012467787991622
0.0
0.0
0.001998753007063665
0.0011056931528437297
0.0
0.0001020639833394212
0.0012332731320180061
0.0
0.0
0.0
0.0
8.505331944951766e-05
0.0
0.0
0.0
0.0006804265555961413
0.0
0.000510319916697106
0.0
0.0022539129654122183
0.0
0.0
0.0
0.0
0.0
0.0
0.0
0.0
0.0
0.00014884330903665592
0.0
0.0
0.0
0.0051031991669710595
0.0
0.0
0.0
0.0009781131736694532
0.0005528465764218648
0.0017435930487151121
0.0039549793544025715
0.0
0.0013608531111922826
0.0
0.0
0.0
0.0
0.0
0.0
0.0
0.000327455279880643
0.0
0.0
0.0
0.0028918128612836005
0.0
0.0
0.00013608531111922826
3.717847939426178e-05
0.0
4.3374892626638744e-05
0.0009781131736694532
0.0
0.0
0.0
0.0
0.0
0.00021067804990081675
0.0
0.00014459064306418003
0.0
0.0
0.0
0.0
0.0
0.0
0.0
0.0
0.0005528465764218648
0.0
0.0
0.0
0.0
0.0
0.0
0.0
0.0
0.0005528465764218648
0.0
0.0031469728196321534
0.0
0.0006804265555961413
0.0
0.0014033797709170415
0.0
0.0
0.0
0.00017435930487151122
0.000510319916697106
0.0
0.0002594126243210289
0.0
0.0
0.00046779325697234714
0.00013608531111922826
0.0003232026139081671
0.0
0.00013608531111922826
0.0021263329862379414
0.0
0.0
0.0
0.0003146972819632154
0.000255159958348553
0.0
1.9518701681987435e-05
0.0005528465764218648
0.0
0.0
0.0
0.0001530959750091318
0.0
0.0011056931528437297
0.0
0.0008930598542199354
0.0
0.0005528465764218648
0.001020639833394212
0.0
0.0
0.0
6.196413232376964e-05
0.0
0.0
0.0008505331944951767
0.0021688596459627004
0.0
0.0
4.95713058590157e-05
8.080065347704178e-05
0.0
0.000510319916697106
0.0
0.0
0.0
0.0001827941903551204
0.0
0.0
0.000510319916697106
0.0
0.0018711730278893886
0.0001518121241932356
0.00011773185141516229
0.000765479875045659
0.001020639833394212
0.0001020639833394212
0.0
0.0
0.0026366529029350477
0.0
0.00046779325697234714
0.0
0.0
0.001998753007063665
0.0
0.0
0.0
0.0035722394168797417
6.816054555614659e-05
0.0
0.0
7.745516540471203e-05
0.001530959750091318
0.0007229532153209001
0.0026366529029350477
0.0
0.0
0.0
0.0
0.0011056931528437297
0.0
0.0
0.0
0.0
0.0
0.0025515995834855297
0.0
0.0
2.8193680207315182e-05
0.0001998753007063665
0.004167612653026366
0.0017010663889903534
0.00042101393127511245
0.0
0.0
0.0
0.0
0.0
0.0
0.0
0.0
0.0
0.0
0.0
0.0
0.0005953732361466237
0.00011907464722932473
0.0
0.001020639833394212
0.0
0.0
0.00018286463681646298
0.0010631664931189707
0.0002296439625136977
0.00028492862015588416
0.0003317079458531189
0.00016585397292655945
0.0
4.3374892626638744e-05
0.0
0.0
0.00011153543818278534
0.0
0.0
0.0
0.00041250859933016066
0.0022113863056874594
0.0
0.0
0.00033596061182559475
0.0
0.0
0.0
0.004082559333576848
0.00010843723156659685
0.0
0.0
0.0
0.0
0.0
0.0
0.0
0.0
0.0014459064306418003
0.00010224081833421988
0.0
3.098206616188482e-05
8.505331944951766e-05
0.000399750601412733
0.0
0.00024240196043112533
0.0029343395210083595
0.0
0.0
0.0
0.0
0.0
0.0
0.0
0.0
0.0
0.0
5.2669512475204187e-05
0.0
0.0
0.0
0.00010843723156659685
0.00033596061182559475
0.0014459064306418003
2.0448163666843978e-05
0.0
0.0
0.0
0.0
0.0029343395210083595
0.00016110674404180104
0.0
0.0
0.0
0.0
0.0
0.0006804265555961413
0.002338966284861736
0.002083806326513183
0.0
0.0
0.00020838063265131828
0.0
0.0
0.0
0.00021688596459627004
0.0001020639833394212
0.0
0.0013608531111922826
1.518121241932356e-05
0.0
0.0011056931528437297
0.0002466546264036012
0.0
0.0
0.0
0.0006378998958713824
0.0
0.0013183264514675238
0.0
0.0
8.674978525327749e-05
0.0012332731320180061
0.001488433090366559
0.0
0.003827399375228295
0.0
0.0002041279666788424
0.0
0.0
0.000510319916697106
9.604440510184293e-05
0.0
0.0
0.0
0.0
0.0001573486409816077
0.0
0.0
0.00011153543818278534
2.0757984328462826e-05
0.001020639833394212
0.0
1.549103308094241e-05
0.0
0.0034021327779807068
0.0
0.0
0.0002764232882109324
4.647309924282722e-05
0.0010631664931189707
0.0
0.0
0.0
0.00020838063265131828
0.001530959750091318
1.0224081833421989e-05
0.0010631664931189707
0.0
0.0
0.0006378998958713824
8.505331944951766e-05
0.0
0.0005953732361466237
0.0006378998958713824
7.65479875045659e-05
0.0
0.0010631664931189707
0.0
8.930598542199354e-05
0.0
0.0
0.0001998753007063665
0.0
0.0
0.0012757997917427649
0.0006378998958713824
0.0
0.0
0.0
0.0002764232882109324
0.0
0.0
0.0
0.0
0.0
0.0
0.0014459064306418003
0.0
0.0
0.0
0.0
0.003104446159907395
0.000510319916697106
0.0
0.0
3.4080272778073294e-05
0.0008505331944951767
0.0
0.0
0.0
0.0
0.0
0.0
0.0
0.0004040032673852089
0.0
0.0
0.0017010663889903534
0.0
0.0
0.0
0.0
0.0
0.0
0.0
0.0
0.0
0.00046779325697234714
0.0
0.0
0.0
0.0
0.0
0.0
0.0
0.0009355865139446943
0.0
6.196413232376964e-05
0.0012332731320180061
0.0
0.0025515995834855297
0.0
0.0
0.000510319916697106
0.00033596061182559475
8.080065347704178e-05
0.003317079458531189
0.0002041279666788424
0.0
0.0
0.0
0.0
0.0
0.0
0.0
0.00017861197084398709
0.0
0.0035722394168797417
0.0
0.0
0.0
0.0
0.00019136996876141475
0.0
0.0009781131736694532
0.00014459064306418003
0.00399750601412733
0.0
0.0
0.0
0.00046779325697234714
0.0
0.001488433090366559
1.6420495065798952e-05
0.0031894994793569124
0.0
0.0
0.0
1.7969598373893193e-05
0.0
0.0
0.0
0.0
0.0
0.0
0.00014033797709170416
0.0
0.000327455279880643
3.717847939426178e-05
0.0
0.0
1.5800853742561257e-05
0.00018286463681646298
2.677893051024934e-20
1.3012467787991623e-05
0.0
0.0
0.0
0.0
0.0
0.0
0.0
0.0
0.0
0.0
0.0
0.0011056931528437297
0.0
0.0
0.0
0.0
0.0
0.0003784872715503536
0.0
0.00046779325697234714
0.0
0.0
0.00034021327779807064
0.0
0.0
0.0
0.0
0.0
0.0
0.0
0.0
0.0
0.0
0.0
0.0
0.0
0.0
0.0
0.0
0.0
0.0
0.0
0.0
0.0
0.0
0.0
0.0
0.0
-1.338946525512467e-20
0.0026791795626598066
0.0
0.0
0.0
0.0
0.0023814929445864948
0.000510319916697106
0.0
0.0
0.0
0.0
1.338946525512467e-20
0.0005953732361466237
-6.694732627562335e-21
0.0
0.0
0.0
0.0
0.0
0.0
0.0032320261390816713
0.0
0.0
0.0
0.0
0.0
0.0006378998958713825
0.0
0.0
0.0
0.0
-6.694732627562335e-21
0.0
0.0
0.0
0.0
0.0
2.677893051024934e-20
0.0
0.0
0.0
0.00046779325697234714
0.0
0.0
0.0
0.0
0.0
0.0
0.0009781131736694532
0.00035297127571549833
0.0
0.0
0.0
0.0
0.0003954979354402571
0.0023814929445864948
0.0
0.0
0.0
0.0
0.0
0.0011056931528437297
0.0003954979354402571
1.338946525512467e-20
0.0
0.0
0.0022113863056874594
0.0
0.0
0.0
0.0
0.0
0.0
0.0005528465764218648
0.0
-3.3473663137811674e-21
0.000510319916697106
0.0
0.0
0.0
0.0
0.0
0.0
0.0
0.0
0.0
0.0
0.0
0.000510319916697106
0.0013183264514675238
0.00035722394168797417
0.0015734864098160767
0.00034021327779807064
0.00021688596459627004
0.0
0.001998753007063665
0.0008930598542199354
0.0
0.0006804265555961413
0.0
0.0
0.0001530959750091318
0.0
0.0003104446159907395
0.0002721706222384565
0.0018711730278893886
0.0
0.0002253912965412218
0.0
0.00029343395210083595
0.0
0.000765479875045659
0.0
0.0
0.003317079458531189
0.0002253912965412218
0.0002806759541834083
0.0
0.003061919500182636
0.0
0.0005528465764218648
0.0
0.0
2.677893051024934e-20
0.0
0.0002764232882109324
0.0
0.0
0.0018711730278893886
0.0
0.0
0.0
0.0
0.0009355865139446943
0.0
0.0
0.0
0.0
0.0
0.0008080065347704178
0.0
0.0
0.0
0.0034871860974302242
0.0
0.004677932569723472
0.000510319916697106
0.0
0.0
0.0
0.001020639833394212
0.0
0.0001275799791742765
0.0
0.0
0.0021688596459627004
0.0
0.0
0.0003954979354402571
0.0008080065347704178
0.0
0.0017435930487151121
0.0
0.0015734864098160767
0.001488433090366559
0.0
0.0
0.0
0.0
0.0
0.0
0.0
0.0009781131736694532
0.0
0.0
0.0002594126243210289
0.0034021327779807068
0.0
0.0
0.0
0.0
0.0
0.0
0.0
0.0
0.0
0.00036572927363292596
0.0
0.002041279666788424
0.0
0.0
0.0005528465764218648
0.00017861197084398709
0.0017861197084398709
0.0
0.0
0.00029768661807331185
0.0
0.0019562263473389065
0.0
0.0
0.000510319916697106
0.0
0.0
0.0
0.004252665972475883
0.0006378998958713824
0.0
0.0
0.0
0.0
0.0
0.0
0.0008505331944951767
0.0
0.0
0.0
0.0
0.0
0.0
0.0
0.00010631664931189709
0.0
0.0
0.002296439625136977
0.0
0.0011482198125684884
0.0
0.00042526659724758834
0.0
0.003019392840457877
0.0014033797709170415
0.0
0.0
0.0011907464722932474
0.0019136996876141475
0.0023814929445864948
0.0
0.0
0.0
0.0
0.0
0.0
0.0
0.0
0.0
0.0
0.0
0.0
-6.694732627562335e-21
0.0
0.0
0.0
0.0
0.0
0.00039124526946778123
0.0
0.0
0.00020838063265131828
0.0
0.0
0.0
0.0
0.0
0.0
0.0
0.0002764232882109324
0.0
0.0
0.0
0.0
0.0
0.0
0.0010631664931189707
0.0
0.00026791795626598063
0.0011056931528437297
0.0
0.0
0.0
0.0
0.0
0.0003827399375228295
0.0
0.0
0.0
0.0
0.0
0.0
0.0
0.0
0.0
0.0
0.0
0.0
0.0
0.0
0.0
0.0
0.0
0.0
0.0
0.0
0.002041279666788424
0.0
0.0
0.0
0.0
0.0
0.0
0.004082559333576848
0.002253912965412218
0.0
0.0
0.0
0.002041279666788424
0.0007229532153209001
0.0003784872715503536
0.0
0.0
0.0
0.0
0.0006378998958713824
0.0016160130695408357
0.0
0.0
0.0
0.0003742346055778777
0.0019562263473389065
0.0
0.0
0.0012332731320180061
0.0
0.0003869926034953054
0.0004027668601045026
0.0014459064306418003
0.00022307087636557068
0.0
0.0
0.0006378998958713824
0.0
6.694732627562335e-21
0.0
0.0
0.0035722394168797417
0.0
0.0011907464722932474
0.0
0.0
0.0
0.0006804265555961413
0.0
0.0
0.0
0.0
0.0
0.0
0.0023814929445864948
0.0
0.0
0.00041676126530263655
0.0006804265555961413
0.0
0.00036998193960540186
3.3473663137811674e-21
0.0013608531111922826
0.0
0.0
0.0019136996876141475
0.0
0.0005953732361466237
0.0
0.00018286463681646298
0.0
0.0
0.0003317079458531189
0.0
0.0
0.0
0.0
0.0
0.0
0.0
0.0032320261390816713
0.00014459064306418003
0.0
0.0
0.0
0.0
0.0
0.0
0.00042526659724758834
0.00016110674404180104
0.0
0.0
0.0008505331944951767
0.0009781131736694532
0.00017010663889903532
0.0
0.0
0.0
0.0
0.0
0.0017010663889903534
0.0
2.677893051024934e-20
2.677893051024934e-20
0.0006378998958713824
0.0
0.0
0.0
0.0
0.0
0.0003061919500182636
0.0
0.0
0.0024240196043112533
0.0
0.0
0.0
0.0009355865139446943
0.0
0.0
0.0
0.0
0.0
0.0
0.0003954979354402571
0.0
0.0
8.080065347704178e-05
2.677893051024934e-20
0.0
0.0016160130695408357
0.0
0.0
0.0
0.000510319916697106
0.0
0.0
0.0
0.0
0.0
0.0
0.0008505331944951767
0.0
3.717847939426178e-05
0.0
0.0009355865139446943
0.0
0.0
0.0
0.0
0.0005528465764218648
0.0
0.0
0.0
0.0
0.0
0.0026791795626598066
0.0
0.0
0.0
0.0
0.0
0.0
0.0
0.0
0.0
0.0006804265555961413
0.0
0.0
0.0011907464722932474
0.0
0.0
0.00327455279880643
0.0028492862015588416
0.0
2.677893051024934e-20
0.0011056931528437297
0.0003232026139081671
0.0
0.0
0.0
0.0
0.0
0.0006804265555961413
0.0
0.0010631664931189707
0.0
0.0
0.00024240196043112533
0.00029768661807331185
0.0
0.0
0.0003869926034953054
0.0
0.0
0.0
0.0
0.0
0.0
0.0
0.0
0.0
0.0011482198125684884
0.0013183264514675238
0.0
0.0
0.0
0.00011773185141516229
0.0
0.0
0.0
0.0
0.0
0.0
-6.694732627562335e-21
0.0008505331944951767
0.0
0.0
0.0
0.0
8.368415784452919e-22
0.0
0.0
4.95713058590157e-05
0.000510319916697106
0.0
0.0
0.0
0.0
0.0
0.0
0.0
0.0
0.0
0.0
0.0
0.0
0.0012332731320180061
0.0
0.0
0.000765479875045659
0.0
0.0
0.0
0.0
0.0
0.0
0.0
0.0034446594377054653
0.0
0.002083806326513183
0.00018711730278893885
0.0
0.0
0.0
0.0
0.0
0.0
0.0024665462640360123
0.0
0.0
0.0
0.0
0.0
0.0
0.0
0.0
0.0034021327779807068
6.694732627562335e-21
0.0
0.0
2.677893051024934e-20
0.0015734864098160767
0.0010631664931189707
0.0005528465764218648
0.0
0.0
0.0005528465764218648
0.0
0.0
0.000765479875045659
0.0006804265555961413
0.0009355865139446943
0.0
0.0
0.0
0.0006804265555961413
0.0
0.0
4.3374892626638744e-05
0.0
0.0
0.002083806326513183
0.0
0.0
0.0
0.0
0.0
0.00011907464722932473
0.0
0.0
0.0
0.0
0.0009355865139446943
0.0024665462640360123
0.0
0.0
0.0010631664931189707
0.0
0.001020639833394212
0.0
0.0
0.00034871860974302243
0.0005953732361466237
0.0
0.0
0.0
6.694732627562335e-21
0.0008930598542199354
0.0017861197084398709
0.0005953732361466237
0.0
0.0
0.0
0.0003827399375228295
0.0
0.0021263329862379414
-1.338946525512467e-20
0.00011482198125684885
0.0
0.0
0.0
0.0
0.0
0.0
0.0
0.0
0.0
0.0
0.0
0.0009781131736694532
0.0
0.0
0.0
0.0
0.0
0.0
0.0
0.0
0.0005528465764218648
0.0
0.0
0.0
0.0
0.00046779325697234714
0.0
0.0014033797709170415
0.0002296439625136977
0.0
0.00024240196043112533
0.0
0.0
0.0
0.0010631664931189707
0.000510319916697106
0.0002806759541834083
0.0
0.0
0.0
0.0
0.0
0.003742346055778777
0.0013608531111922826
0.0
0.0
0.0009781131736694532
0.0
0.0
0.0002764232882109324
0.0
8.368415784452919e-22
0.0
0.0
0.0
1.338946525512467e-20
0.0
0.0
0.0
0.0009781131736694532
0.0
0.0
0.0
0.0
0.0
0.0
0.0
0.002976866180733118
0.0
0.0005953732361466237
0.0
0.0
0.0
0.0
0.0
0.0009355865139446943
0.0
0.0002764232882109324
0.0006804265555961413
0.0
0.0019136996876141475
0.0
0.0
0.0
0.0
0.0
0.0
0.0
0.0
0.0
0.0
0.0
0.0003146972819632154
0.0
0.0005953732361466237
0.00046779325697234714
0.00016420495065798952
0.0
0.0
0.0
0.0013183264514675238
0.0
0.00034021327779807064
0.0
0.0
0.0002721706222384565
0.0
0.0
0.001998753007063665
0.002296439625136977
0.00026366529029350473
0.0
0.0
0.0
0.002509072923760771
0.0
0.0
0.0
0.0
0.0
0.0009781131736694532
0.0
0.00019562263473389062
0.0
0.0
0.0
0.0
0.0
0.0
0.0
0.0
0.0
0.0
0.0005953732361466237
0.0008505331944951767
0.0
0.003061919500182636
0.0
0.0
0.0
0.0
0.0
0.0
0.0
0.0
0.0
0.0
0.0
0.0011056931528437297
0.00042101393127511245
0.0
0.0011907464722932474
0.006378998958713825
0.0
0.0
0.0
0.0
0.0
0.0
0.004252665972475883
0.000765479875045659
0.0
0.0
1.8899060358749736e-05
0.000255159958348553
4.3374892626638744e-05
0.0034871860974302242
0.0
0.0
0.0
0.0051031991669710595
0.0
0.0
0.0
0.0
0.0
0.00018711730278893885
0.0
0.0
0.0
0.0022113863056874594
0.0
0.0
0.0
0.0008930598542199354
0.0
0.0002509072923760771
0.0
0.0
0.0
0.0
0.0
0.0003146972819632154
0.0002594126243210289
0.0
0.0
0.0
0.0
0.0
0.002253912965412218
0.00011907464722932473
0.0008930598542199354
0.0
0.0
0.0
0.0011907464722932474
0.0005953732361466237
0.0
0.0
-6.694732627562335e-21
0.0
0.0
0.0
0.0
0.0
0.0
2.677893051024934e-20
0.0
0.0
0.0
0.0011056931528437297
0.0
0.0
0.0
0.0
8.055337202090052e-05
0.0
0.0
0.0
0.0
0.0
0.00019562263473389062
0.0
0.0
0.0
0.0
0.00019136996876141475
0.0011056931528437297
0.0003104446159907395
0.0
0.0
0.0021688596459627004
0.0
0.00017861197084398709
0.0
0.0007229532153209001
0.0
0.0
0.0
1.1463364479897381e-05
0.0036147660766045007
0.00026366529029350473
9.781131736694531e-05
0.00029343395210083595
0.0
0.0
0.00017861197084398709
0.005528465764218648
0.0
0.0
0.0
0.0
0.0
0.0005953732361466237
0.0
0.00033596061182559475
0.0
0.0015734864098160767
0.0
0.0028492862015588416
3.717847939426178e-05
0.0
0.0
0.0
0.0
0.0003784872715503536
0.0013183264514675238
0.0
0.0
0.0
0.0
0.0
0.0011482198125684884
0.0
0.0
0.0002041279666788424
0.0019562263473389065
0.0
0.0005953732361466237
0.0
0.0
8.080065347704178e-05
0.0001275799791742765
0.0
0.0
0.0011482198125684884
0.0
8.3651578637089e-05
0.000510319916697106
4.95713058590157e-05
6.804265555961413e-05
0.0
0.0
0.0011482198125684884
0.0
0.0009355865139446943
0.00017349957050655498
0.0
0.0
0.0009781131736694532
0.0003827399375228295
0.0011056931528437297
0.0
0.0
0.0
0.0
0.0
0.0
0.0
0.00034871860974302243
0.0
0.0
0.0
0.0013183264514675238
0.0
0.00026366529029350473
0.0
0.0
0.0013608531111922826
0.0002253912965412218
4.027668601045026e-05
0.0
0.0
0.0
0.0002806759541834083
0.0
0.0
0.0
0.0002764232882109324
0.0
0.0
0.0036998193960540186
0.0
0.0009781131736694532
0.0
0.00029343395210083595
0.0018286463681646298
0.0
0.0
0.0
0.0
0.0
0.0
0.00021688596459627004
0.0008505331944951767
0.0
0.0
0.0
0.0
0.0
0.0
0.0
0.0
0.0
0.0
0.0
0.0
0.0
0.00024240196043112533
0.0
-1.338946525512467e-20
0.0
0.0
0.0
0.0
0.0
0.0
0.0
0.0
0.0
0.0
0.0
0.00023814929445864947
5.355786102049868e-20
0.0
0.0
0.00019136996876141475
0.0
8.674978525327749e-05
0.0
0.0
0.0
0.0
0.0
0.0
0.0
0.0
0.0
0.00011482198125684885
0.0
0.0
0.0
0.0
