0.0
0.014562594076242599
0.013427982888882866
0.0
0.00986262974571593
0.0
0.0005119233963684535
0.0
0.0
0.008594033949791323
0.0
0.0
0.0
0.0
0.0
0.0
1.0326973865158555e-18
0.0
0.0
0.0
0.0
0.0
0.0
0.0
0.0
0.0
0.0
0.0
0.0
0.0
0.0
0.0
0.0
0.0
0.0
0.0
0.0
0.0015360803975378763
0.005769286407780639
0.004308797401284311
0.005286146992997986
0.0
0.0
0.004957998248292494
0.005704848894763212
0.0
0.0
0.0
0.0
0.0
0.0
0.0
0.0074767385698944235
0.006348940159241379
0.006824131334532896
0.0034520907304182425
0.00399768059834554
0.0
0.0
0.0
0.004734028214060113
0.0052571926919945606
0.0
0.006812492840992303
0.004260256367249156
0.0032190369939102763
0.003762639801964789
0.004635810683205355
0.00436642213759505
0.0029808736748722937
0.0027307879965976062
0.008218479633835124
0.0
0.003658461091491679
0.0
0.0031929213498679706
0.0
0.0
0.0
0.0
0.0
0.0
0.0
0.0
0.0
0.0
0.0
0.0
0.0
0.0
0.0
0.0
0.0
0.0
0.02122974768082555
0.0
0.0
0.03187073716528063
0.015835163991912773
0.024696599427441616
0.028356195981717743
0.0
0.0
0.0
0.0
0.0
0.017590589456669487
0.01975080740408194
0.0
0.0
0.015055668790389174
0.0
0.010515236981077456
0.017122778789476885
0.0
0.018148385549529602
0.017571286589333872
0.009756180109673922
0.0
0.018003330178816362
0.01456827139016484
0.0
0.012497187271331561
0.01670180596214276
0.00999945301124192
0.0
0.0
0.0
0.0
0.011924630162273622
0.009956589291129006
0.0
0.0
0.012155129107516581
0.00917482316403651
0.013483620565320821
0.0
0.0
0.0
0.0
0.0
0.0
0.0
0.0
0.0
0.0
0.0
0.0
0.0
1.0326973865158555e-18
0.012580076054596271
0.00993160910987115
0.010002859399595266
0.011398343161681942
0.010492527725388496
0.008802107505041432
0.0
0.008867112749451084
0.0
0.0
0.0
0.0
0.0
0.0
0.0
0.009141327011895293
0.010722175073543118
0.0
0.0
0.010744600463535967
0.0
0.0
0.010092844825262775
0.008236647038386294
0.0
0.008529880302470007
0.008288026729382569
0.0
0.0
0.0
0.0
0.0056733398024947776
0.011509334648861742
0.006836053693769601
0.0
0.0
0.0
0.0
0.005851039728260901
0.0
0.006590509866632705
0.007138938391521123
0.0
0.007179531186065142
0.005796537514607393
0.0
0.0
0.005674191399583113
0.0
0.0
0.0055396390596260175
0.003400994905118079
0.0
0.0
0.003418310712580912
0.008112881594881454
0.0
0.005615147334791814
0.005594992870367861
0.005258895886171232
0.0
0.004830258685042086
0.0033956014568919507
0.006210697565234826
0.00354888893279244
0.003417742981188688
0.0038807279315473883
0.0
0.005009661804984881
0.0
0.0
0.011669718767165032
0.004860064583133848
0.0
0.0
0.00328716476097716
0.0
0.0
0.0038313353004238975
0.003593455847082027
0.0
0.0032315270845392047
0.0
0.002821625019353452
0.002987970317275094
0.0
0.0028610823511130224
0.0
0.003133877285076671
0.0
0.0
0.002869598321996383
0.0
0.002854553440102446
0.0
0.0
0.0
0.0
0.004062969708451303
0.0
0.0033794211122135658
0.0024824055124995914
0.003221875650871396
0.00292268120716933
0.0
0.0
0.003246004235040918
0.0
0.0033865177546163663
0.0040754597990802326
0.0
0.0
0.0
0.005267695722750705
0.0
0.002316344080274061
0.0
0.0
0.0023711301596236805
0.00393863653355424
0.0016776462640220222
0.0034975092417961653
0.0025198757843863774
0.0023858911758215056
0.0017327162090677536
0.0017633737042478514
0.002146308528302963
0.0
0.002247364716118841
0.004324693880266584
0.0053179399509625325
0.0
0.0
0.0019955758436674817
0.0024903537519907278
0.004364718943418378
0.0
0.0
0.001510449369012044
0.001738393522989994
0.0
0.0
0.00229931213850734
0.0018323530684030717
0.0014204639433445345
0.0023518272922880635
0.0
0.0
0.001985356678607449
0.0014789402767436102
0.002046955534663757
0.0
0.001790057079682381
0.001558706537351087
0.001643298514792468
0.002062568147949918
0.0019759891106357523
0.0
0.001428412182835671
0.0
0.0
0.001572048225068352
0.002285118853701739
0.0
0.0
0.0
0.0012731376470623975
0.0
0.0
0.013893522630506574
0.0011411400983703096
0.0041472778201965725
0.0
0.0
0.0
0.0009909751451270524
0.0012887502603485584
0.0011283661420452688
0.0
0.0
0.0009881364881659323
0.003184121513288498
0.0018814618338304507
0.0008632355818766446
0.0034078076818247678
0.0008646549103572047
0.0007644503196296625
0.0
0.0007826177241808317
0.0
0.0017298775521066335
0.0008385392663148991
0.0
0.0009850139655087
0.0
