0.0
0.0001279819929304027
0.0015877944448636594
0.00031755888897273186
0.00037161146581915434
0.0
0.0007770057921673226
2.1272982181039197e-20
0.0010134858158704209
0.00030742403081402764
0.0005405257684642245
0.0003378286052901403
0.0
0.0
0.0
0.0030404574476112626
0.0
0.0
0.0
0.0
0.0
0.0
0.0005067429079352104
0.0
0.0
0.0
6.152980429346283e-05
0.0
0.0
0.0
0.0
0.0005405257684642245
0.0
0.0
-2.1272982181039197e-20
0.0
0.0
0.0019594059106828134
0.0009459200948123928
0.0004053943263481683
0.00014107772560068474
-1.0636491090519598e-20
0.0
0.0
0.0
0.001418880142218589
0.0
0.0
-6.647806931574749e-22
2.1272982181039197e-20
7.13745729804169e-05
0.002162103073856898
0.0
0.00010472686763994348
0.0
0.0
0.0
0.0
0.0
0.0
0.0
0.0
0.0
4.2545964362078394e-20
0.0006418743500512665
0.0
0.0
0.0
0.0
0.002466148818618024
0.0
0.0
0.0
0.004729600474061964
0.0
0.0
-3.4036771489662715e-19
0.0
0.0
0.0008107886526963367
0.0007432229316383087
0.0
4.922384343477027e-05
0.001216182979044505
0.0014526630027476032
-4.2545964362078394e-20
0.0008445715132253507
0.0
0.00022972345159729538
0.0
0.0006080914895222524
0.0
0.0012161829790445049
0.0005743086289932385
0.0009797029553414067
0.0
0.0
0.0
4.7296004740619636e-05
0.0017229258869797153
2.7073113889123646e-05
0.0
0.0010134858158704209
0.0
0.0
0.0011148343974574629
0.0005743086289932385
0.0
0.0
4.2545964362078394e-20
0.0010134858158704209
0.0
0.00015540115843346453
0.0008783543737543647
0.0008783543737543647
0.0016553601659216874
0.0008445715132253507
3.937907474781622e-05
0.0
0.0
0.0
0.0
0.0
0.0
0.0
0.0
0.0005743086289932385
0.0010134858158704209
0.0
0.001148617257986477
0.0010472686763994348
0.0010472686763994348
0.0008445715132253507
0.0004729600474061964
8.121934166737095e-05
6.418743500512665e-05
0.0
0.0
0.0
0.00029391088660242205
0.0
0.0
0.00010810515369284489
0.0006756572105802805
0.0
0.0
0.0
0.00243236595808901
0.0001249965839573519
0.0
0.0
0.00027026288423211224
0.0
6.399099646520135e-06
0.0001452663002747603
0.0
0.0
0.001148617257986477
0.0
0.0
0.0
0.0014188801422185893
0.0009459200948123928
0.00030066745870822485
0.0
0.0009459200948123928
0.0
0.0
0.0009459200948123928
0.0014526630027476032
0.0001486445863276617
0.0
0.00011075364772823311
0.0001182400118515491
0.001182400118515491
0.0
0.0
0.0008783543737543647
0.0
0.001182400118515491
0.0
0.0010472686763994348
0.0026012802607340802
0.001317531560631547
0.0
0.0027364117028501364
0.0
0.0
0.0
0.0006080914895222524
0.0008445715132253507
0.0
0.0
0.0
0.0007770057921673226
0.0
0.00016553601659216873
0.0
0.00022972345159729538
0.0008445715132253507
0.0
0.0
0.0
0.0006756572105802805
0.0
0.0008445715132253507
4.184026691955473e-05
0.0
0.0
0.0001452663002747603
0.0
2.9534306060862162e-05
0.0
0.0
0.00018918401896247854
0.00033782860529014025
-5.318245545259799e-21
0.00031080231686692907
0.0
0.0
0.0
0.0
0.0
0.0005743086289932385
0.0
0.0
0.0006080914895222524
-5.318245545259799e-21
0.0
0.001249965839573519
6.399099646520134e-05
0.00018918401896247854
0.0
0.0
-5.318245545259799e-21
0.000911097179420394
0.0
0.0
0.00020269716317408416
7.629695732389392e-05
-2.1272982181039197e-20
0.0
0.0007770057921673226
0.0
0.0
0.0
0.0020945373527988696
0.0005405257684642245
0.0
0.0017567087475087294
0.0
0.0012161829790445049
0.0005067429079352104
0.0
0.00016215773053926733
0.001148617257986477
2.7073113889123646e-05
0.0
0.0
0.0
0.0
0.0
0.0
0.0
0.0
0.0
0.0
0.0
0.0002803977423908164
0.0
0.0
0.00013850972816895752
0.0
0.0
0.0010472686763994348
0.0
0.0
0.0
0.0
0.0
0.0
0.0
0.0
0.0
7.13745729804169e-05
0.0
0.0
0.0
0.00016553601659216873
0.0
0.0
0.0
0.0
5.660741994998581e-05
0.0
0.0
0.0
0.0
0.0001216182979044505
0.0
0.0
0.0
0.0
0.0
0.0005405257684642245
0.0
0.0
0.0
0.0
0.0
0.0006418743500512665
0.001249965839573519
0.0
6.891338080867837e-06
0.0
0.0006756572105802805
0.0
0.001351314421160561
0.0011148343974574629
1.4767153030431081e-05
0.0001249965839573519
0.00016553601659216873
0.0010134858158704209
9.844768686954054e-06
0.0004053943263481683
3.199549823260067e-05
0.0001249965839573519
5.4052576846422446e-05
0.0001520228723805631
0.001249965839573519
0.0006418743500512665
0.0016215773053926733
0.0005743086289932385
8.368053383910946e-05
0.0005067429079352104
0.0
3.199549823260067e-05
0.0002803977423908164
1.4767153030431081e-05
0.0007094400711092945
0.001283748700102533
0.0001249965839573519
0.0008783543737543647
0.0004729600474061964
8.121934166737095e-05
0.0007770057921673226
0.0001249965839573519
0.0003040457447611262
0.000911097179420394
0.00011486172579864769
0.0004053943263481683
8.121934166737095e-05
0.0001317531560631547
0.0005067429079352104
0.00031080231686692907
0.00043917718687718236
9.1064110354325e-05
0.0005067429079352104
2.9534306060862162e-05
0.0006756572105802805
0.00015540115843346453
0.0020607544922698557
0.0002736411702850136
0.00019256230501537994
0.00030742403081402764
0.0007432229316383086
0.0001249965839573519
0.0
0.0
0.0
0.0
0.0
0.00031418060291983044
6.756572105802806e-05
0.00032093717502563324
0.0003716114658191543
0.0
0.00019594059106828137
0.0006080914895222524
0.0016553601659216872
0.0001317531560631547
0.0
6.080914895222525e-05
0.0007770057921673226
0.0
0.00020945373527988696
0.0006080914895222524
0.0
0.0022296687949149257
0.00043917718687718236
0.00010134858158704208
0.0008445715132253507
0.0
0.0007770057921673226
0.0
0.0008783543737543647
0.0005405257684642245
0.0008107886526963367
0.00043917718687718236
0.0004053943263481683
0.0007094400711092947
3.445669040433919e-05
0.00022634516554439398
0.0007770057921673226
0.0004729600474061964
9.598649469780203e-06
0.0004053943263481683
6.418743500512665e-05
0.0
0.002162103073856898
0.00010134858158704208
5.660741994998581e-05
0.003716114658191543
0.00016215773053926733
0.0
0.0005743086289932385
0.0008783543737543647
7.13745729804169e-05
0.0004729600474061964
0.0
0.0007094400711092947
0.0
0.0003716114658191543
0.0001249965839573519
0.0
0.0
0.0
0.0018918401896247856
-1.0636491090519598e-20
0.0001317531560631547
0.001081051536928449
0.0007770057921673226
0.001081051536928449
0.0003716114658191543
0.00010829245555649459
0.0001520228723805631
9.1064110354325e-05
0.0008445715132253507
0.0005743086289932385
0.001283748700102533
6.152980429346283e-05
0.00011148343974574629
0.0
5.9068612121724325e-05
0.0
4.922384343477027e-05
0.0010472686763994348
0.00016553601659216873
0.002364800237030982
0.0005067429079352104
0.002297234515972954
0.00011148343974574629
4.6762651263031755e-05
1.452103381325723e-05
0.00011486172579864769
0.0005067429079352104
0.00010472686763994348
0.0014864458632766172
7.629695732389392e-05
0.00019256230501537994
0.0007094400711092945
0.00019256230501537994
2.9534306060862162e-05
0.00019256230501537994
0.0020945373527988696
8.107886526963367e-05
0.0032769374713143605
0.003716114658191543
0.001418880142218589
7.432229316383086e-05
0.00020269716317408416
0.0
0.0001317531560631547
0.0012161829790445049
0.001351314421160561
0.0
0.0021283202133278835
0.0012161829790445049
0.0005067429079352104
9.352530252606351e-05
4.6762651263031755e-05
0.0008783543737543647
9.121372342833787e-05
8.783543737543648e-05
0.0003716114658191543
0.0004053943263481683
9.352530252606351e-05
0.0
5.168503560650878e-05
0.0005405257684642245
0.00022972345159729538
0.00010810515369284489
0.0003716114658191543
6.756572105802806e-05
0.00019256230501537994
7.629695732389392e-05
0.0004729600474061964
0.0007770057921673226
0.0005067429079352104
0.0
0.0006418743500512665
0.0
2.6591227726298996e-21
0.0
0.0007094400711092945
0.0
0.0008783543737543647
0.00043917718687718236
0.0
0.001283748700102533
0.0
0.0
0.00010810515369284489
0.000911097179420394
0.0003344503192372389
0.0
0.00043917718687718236
0.0
0.0
0.0
0.0
0.0
0.0
0.0
0.0
0.0013850972816895752
0.0004729600474061964
0.0
0.0
0.0
0.00019594059106828137
0.0
0.0
0.0
0.002567497400205066
0.0
0.001418880142218589
0.0
0.0
0.002499931679147038
0.0
0.0
0.0006080914895222524
0.0
8.783543737543648e-05
0.0
0.0005405257684642245
0.0
0.0
0.0018918401896247856
0.00022972345159729538
0.0009797029553414067
0.0004729600474061964
0.001351314421160561
0.0009459200948123928
9.598649469780202e-05
7.13745729804169e-05
0.0007432229316383086
1.624386833347419e-05
0.00017229258869797152
6.756572105802806e-05
0.0
0.00043917718687718236
0.0008107886526963367
0.002364800237030982
9.797029553414068e-05
0.00019594059106828137
0.00030742403081402764
5.906861212172433e-06
4.922384343477027e-05
0.0002466148818618024
0.0
0.0005743086289932385
4.2545964362078394e-20
0.0029053260054952065
9.459200948123927e-05
6.399099646520134e-05
0.0002466148818618024
0.0008783543737543647
0.0027364117028501364
0.0002466148818618024
0.0002635063121263094
0.0004729600474061964
0.0002567497400205066
3.199549823260067e-05
0.0
0.0
0.0004729600474061964
0.0006418743500512665
0.0013850972816895752
0.0
0.0005405257684642245
0.0
0.0
0.00022972345159729538
0.0
0.0
8.614172601084797e-05
0.002466148818618024
0.0010134858158704209
0.0
0.0002972891726553235
0.0
9.121372342833787e-05
0.00013290437727387974
0.0006756572105802805
0.00016891430264507013
0.0
0.0
1.0829245555649459e-05
0.0
0.0008445715132253507
0.0
0.0007094400711092945
0.002668845981792108
0.0004729600474061964
0.0
0.0
0.0
0.0
0.0
0.0008107886526963367
0.0
0.0009459200948123928
0.0015202287238056313
0.0
0.0
0.0008783543737543647
0.0
0.00033782860529014025
0.0006080914895222524
0.001418880142218589
0.0
0.0
0.0002364800237030982
0.0
0.0
5.168503560650878e-05
0.0
0.0
0.0005743086289932385
0.0
0.0013850972816895752
0.0
0.001317531560631547
0.001148617257986477
0.00010472686763994348
0.0005743086289932385
0.0
0.0
7.383576515215541e-05
0.0010134858158704209
0.0010134858158704209
0.0001249965839573519
0.0
0.0
0.00043917718687718236
0.0
0.0001182400118515491
0.00033782860529014025
0.0009797029553414067
0.00033107203318433746
0.00016891430264507013
3.445669040433919e-05
0.0
0.0011148343974574629
0.0
0.0008445715132253507
0.00027701945633791503
0.0
0.00020945373527988696
8.121934166737095e-05
0.0008445715132253507
0.0002736411702850136
0.0
0.0
0.0
9.797029553414068e-05
0.0019931887712118274
0.00010810515369284489
0.0012161829790445049
0.0001182400118515491
7.383576515215541e-05
3.937907474781622e-05
0.0007094400711092945
0.0
0.0
0.00019594059106828137
0.00019931887712118276
0.0018580573290957714
0.0
0.0018580573290957714
0.0019594059106828134
0.0
0.0007770057921673226
0.0002499931679147038
0.0005743086289932385
0.0003716114658191543
0.00030066745870822485
0.0009459200948123928
0.0001283748700102533
2.2642967979994324e-05
0.0006418743500512665
8.121934166737095e-05
0.0
0.0
8.783543737543648e-05
0.0
0.0
0.0008783543737543647
0.0019931887712118274
0.0004729600474061964
0.0006080914895222524
0.0
0.0028039774239081642
0.0
8.368053383910946e-05
0.00027026288423211224
0.0007432229316383086
0.0
0.0005405257684642245
0.001418880142218589
0.0008783543737543647
0.0
0.0005067429079352104
0.0021283202133278835
0.0008107886526963367
0.0011148343974574629
0.0
7.13745729804169e-05
0.00015505510681952634
0.0
0.0
0.0006080914895222524
0.00043917718687718236
0.0
0.0
0.0011148343974574629
0.0
0.0
0.0003716114658191543
0.0015202287238056313
0.00043917718687718236
8.445715132253506e-05
0.0005067429079352104
0.0
0.001317531560631547
0.0
0.0
0.0003716114658191543
0.0
0.0007094400711092945
0.0
0.0002533714539676052
0.0007770057921673226
0.00015540115843346453
0.0004053943263481683
0.00022972345159729538
0.0002803977423908164
5.7430862899323844e-05
0.0
0.00010472686763994348
0.0
1.2059841641518715e-05
0.00010472686763994348
0.0
0.00013513144211605612
0.0
6.399099646520134e-05
0.0
0.0
0.0006418743500512665
9.121372342833787e-05
0.0
0.0
0.0
0.0006080914895222524
0.0019722177350419297
0.0
0.0002668845981792108
0.0
0.0008783543737543647
0.0
0.0
0.0
9.121372342833787e-05
0.0
0.0
0.0
0.0
0.0
0.0
0.000979702955341407
0.0008783543737543647
0.0
0.0005743086289932385
0.0
0.00017229258869797152
0.0
0.0
0.0004053943263481683
0.0
0.0
0.0
0.0
0.0
0.0
0.001148617257986477
0.0005067429079352104
0.0
0.0
0.0
0.0
0.001081051536928449
8.783543737543648e-05
0.0
0.0
0.001283748700102533
0.00043917718687718236
9.352530252606351e-05
0.0
0.0030742403081402765
0.0
0.0
0.0007094400711092945
0.0
0.0008107886526963367
0.0
0.0
0.0
0.0
0.0005743086289932385
0.0
0.0
0.0
0.0
0.0
0.00010472686763994348
0.0
0.0008445715132253507
0.0
0.0
0.0005405257684642245
0.00043917718687718236
0.0
0.0
0.0013850972816895752
0.0
0.0
0.0
0.0
0.0006080914895222524
0.0
0.0004729600474061964
-2.1272982181039197e-20
0.0
0.0
0.0008107886526963367
0.0
0.0005067429079352104
0.0
0.0
0.0
0.0
0.0
0.0
0.00016553601659216873
7.383576515215541e-05
0.0
0.0
0.0
0.0
0.0
0.0002736411702850136
0.0
0.0
0.0
0.0
0.0006418743500512665
0.0
0.00043917718687718236
0.0
0.0
0.0007770057921673226
0.0
0.00043917718687718236
0.0
0.0010472686763994348
0.0
6.418743500512666e-05
0.0
0.0
0.0016553601659216872
0.0
0.0005405257684642245
0.0
0.0
0.0015202287238056313
0.0
0.0
0.0
0.0
0.00030742403081402764
0.0
1.9443418156734255e-05
0.0
0.0
0.0
0.0030742403081402765
0.0020945373527988696
9.459200948123927e-05
0.0
0.0008445715132253507
0.0002635063121263094
0.0
0.0
0.0
0.0008107886526963367
7.383576515215541e-05
0.0
0.0
0.0
0.0
0.0
0.0
0.0
0.0
0.0010134858158704209
0.0004053943263481683
0.001148617257986477
0.0012161829790445049
0.0020945373527988696
0.0
8.860291818258648e-05
0.0
0.0011148343974574629
0.0
0.002871543144966192
8.614172601084797e-05
0.0010472686763994348
0.001182400118515491
0.00019594059106828137
0.002499931679147038
0.0005743086289932385
0.0
0.0
0.0006418743500512665
0.0
0.0
0.0
0.0
0.0005405257684642245
0.0
0.0
0.0017904916080377434
0.0
0.0003716114658191543
0.0
0.0002499931679147038
0.0
0.0
0.0
0.0001279819929304027
0.0
0.0
7.875814949563243e-05
0.00030742403081402764
0.0004053943263481683
0.0
0.0
0.0
0.0
9.459200948123927e-05
0.0004729600474061964
0.0
0.0
0.0
0.00013850972816895752
0.0
0.0
0.0
0.0
0.0
0.0
0.0004729600474061964
0.0017229258869797153
0.0
0.0031080231686692905
0.0
0.002635063121263094
0.0
6.645218863693987e-05
0.0
0.0002635063121263094
0.0005405257684642245
0.0
0.00010472686763994348
0.0
0.0
0.0
0.0
0.0
0.0030066745870822482
0.0
0.0
0.0
9.797029553414068e-05
0.0
6.399099646520134e-05
0.0
0.0
0.0
0.00020945373527988696
0.0008107886526963367
0.000260128026073408
0.0
0.0
0.0002499931679147038
0.0
0.0005405257684642245
0.0
0.0
0.0006756572105802805
0.0
0.00013513144211605612
0.0
0.0
0.0
0.0
0.0
9.352530252606351e-05
0.0005743086289932385
0.0
0.0
0.0007094400711092945
0.0
0.0
0.0012161829790445049
0.0
0.0
0.0
0.0
0.0005743086289932385
0.0004053943263481683
0.0
0.0
0.0
0.000911097179420394
0.001283748700102533
0.0
0.0
8.445715132253506e-05
0.0007094400711092945
0.0
0.0
0.0
0.0004729600474061964
0.0
0.0
0.0
0.00022296687949149258
0.0020269716317408417
0.001148617257986477
0.0003716114658191543
0.0
0.0014864458632766172
0.0029053260054952065
0.0008445715132253507
0.0
0.0
0.00022296687949149258
0.0
0.0
0.0
0.0
0.0016215773053926733
0.001418880142218589
0.0
0.0
0.0
0.0018580573290957714
0.0007770057921673226
0.0
0.0009797029553414067
0.0
0.0
0.0
0.0004053943263481683
0.0
7.383576515215541e-05
0.0
0.0
0.0
0.00011075364772823311
8.783543737543648e-05
0.0
0.0002398583097559996
0.0
0.001081051536928449
0.0
0.0
6.756572105802806e-05
3.445669040433919e-05
0.0
0.0006080914895222524
0.0027701945633791503
0.0
0.0006080914895222524
0.0
0.0
0.0
0.001081051536928449
0.0001182400118515491
0.0
0.0
0.0
0.0
0.0
0.00030066745870822485
0.0
0.0005743086289932385
0.0
0.0
0.0002499931679147038
0.001081051536928449
0.0
0.0
0.0
0.0014864458632766172
0.0025337145396760524
0.0
0.0
0.0
0.0
0.0
0.0
0.0
0.0
0.0007094400711092947
0.0
0.0
0.0
0.0
0.0
0.00031080231686692907
9.797029553414068e-05
0.002837760284437178
0.0
7.137457298041689e-06
0.0
0.0
0.0
0.00043917718687718236
0.0002635063121263094
0.0
0.0
0.00021958859343859118
0.0
0.0
0.0
0.0
0.0001283748700102533
8.121934166737095e-05
0.0006418743500512665
0.0
0.0
0.0009459200948123928
0.0
0.0
0.0
0.0
0.0
0.0008107886526963367
0.0002364800237030982
0.0
0.0
0.0
0.0
0.0
0.0
0.00017567087475087295
0.0
0.0
0.0
0.0
0.0
0.0002668845981792108
0.0
0.0
0.00033107203318433746
0.0
0.0008445715132253507
0.0
0.0
0.0007770057921673226
0.0
0.00021283202133278836
0.0
0.0
0.0
0.0004053943263481683
0.0
0.0
2.1272982181039197e-20
0.00018918401896247854
0.0
0.0
0.0
0.0
0.0006418743500512665
0.0
0.0
7.383576515215541e-05
0.0
0.001081051536928449
0.0
0.0
0.0
0.0
0.0
0.0
0.0
0.0
0.0008107886526963367
0.0
0.0
0.002567497400205066
0.0
0.0
0.0
0.0
0.0
0.0029053260054952065
0.0
0.0007094400711092947
0.00010337007121301756
0.002635063121263094
0.001148617257986477
0.0
0.0008783543737543647
0.0
0.001182400118515491
0.00043917718687718236
9.121372342833787e-05
0.0
0.001317531560631547
0.0
0.0014864458632766174
0.0
0.00014188801422185891
0.0
0.00021958859343859118
0.0
0.0
0.0018918401896247856
0.0005067429079352104
0.0
0.0
0.0
0.0006756572105802806
0.0
2.9534306060862162e-05
0.0
0.0
0.0
0.0004729600474061964
0.0
0.00013850972816895752
0.00022634516554439398
0.0
7.875814949563243e-05
0.0011148343974574629
0.0
0.0
0.00043917718687718236
0.0
0.0
8.783543737543648e-05
0.0
0.0021283202133278835
0.00010337007121301757
2.1272982181039197e-20
0.0
0.0
0.0007432229316383086
0.0
0.00015877944448636593
0.0
0.0
0.0
0.0
0.0
0.0
0.0
0.0
0.0
0.0
0.0
0.0027701945633791503
0.002567497400205066
0.0015202287238056313
0.0
0.0
0.0
0.0007432229316383086
0.0
0.0
0.0
0.0
0.0
0.0006418743500512666
0.0
0.0004729600474061964
0.002297234515972954
0.0
0.0
0.0
0.0
0.002195885934385912
0.0
0.0
0.0
0.0005405257684642245
0.00018242744685667575
0.0005067429079352104
0.0
6.891338080867838e-05
0.0
0.0005067429079352104
0.0
0.0
0.0
0.0009797029553414067
0.0
0.0
0.0
0.0
0.0
0.0
0.0
0.0002736411702850136
0.002195885934385912
0.0
0.0
0.0
0.0
0.0
0.0
0.0
0.0
0.0
0.0
0.0016215773053926733
0.0
0.0
0.0004053943263481683
2.215072954564662e-05
0.0
0.0020269716317408417
0.00015877944448636593
0.0006756572105802805
0.000911097179420394
0.0
0.0
0.00010090887904127905
0.0006080914895222524
0.0
7.875814949563243e-05
0.0
0.002837760284437178
8.783543737543648e-05
3.445669040433919e-05
0.0
0.0
2.7073113889123646e-05
0.0
0.0
0.0
0.0
0.0006080914895222524
0.00017229258869797152
6.645218863693987e-05
0.0
0.0007432229316383086
0.0
0.0
0.00013850972816895752
0.0005405257684642245
0.0
0.00033782860529014025
0.0
0.0
0.0
0.0
8.614172601084797e-05
0.0
0.0
0.0013850972816895752
0.0
0.001182400118515491
0.00033782860529014025
0.0
0.0
0.0
0.0004729600474061964
0.0
0.0
0.0
0.0
0.0
0.0
0.0
0.0
0.0
0.00019931887712118276
0.0005405257684642245
0.0
0.0009797029553414067
0.0
0.00019931887712118276
0.0
0.0
0.0
0.0
0.0
0.00027701945633791503
2.1272982181039197e-20
0.0
0.0
0.0008107886526963367
0.0
0.00010829245555649459
0.0
0.0
0.0
0.0
0.0
0.0
3.937907474781622e-05
0.0006756572105802805
0.0
5.9068612121724325e-05
0.00030742403081402764
0.0
0.0007094400711092945
0.0
0.0
0.00043917718687718236
0.00014767153030431082
0.0
0.0026012802607340802
0.0
0.0
0.0
0.0009459200948123928
0.0
0.00022634516554439398
0.0
0.0
0.0
0.0
0.0
0.0022296687949149257
0.0
0.0005067429079352104
0.0
0.0
0.0
0.0
0.0
0.0
0.0007770057921673226
0.0
0.0
0.0
0.0
0.0
0.0
0.000243236595808901
0.00011148343974574629
0.0
0.0
2.1272982181039197e-20
0.0
0.0019594059106828134
0.0004053943263481683
6.891338080867838e-05
0.002635063121263094
0.0
0.0
0.00017229258869797152
0.0
0.00015013272247604931
0.0001216182979044505
7.13745729804169e-05
0.0
0.0006418743500512665
0.0008107886526963367
0.0
0.0
0.0
0.0
0.0
0.0
0.0006756572105802805
0.00030742403081402764
0.0011148343974574629
0.0
0.0009797029553414067
0.0
0.0
0.00022296687949149258
0.0
0.0
0.0
0.0
0.0
0.0
0.0031418060291983044
0.0
0.0
0.0
0.0013513144211605612
0.00027701945633791503
0.0
0.00032093717502563324
0.0
0.0
0.00011075364772823311
0.0
0.002567497400205066
0.0
0.0
8.614172601084797e-05
0.0
0.0008783543737543647
0.0
0.0
0.0
0.0
0.00016891430264507013
0.0
0.0
0.00027701945633791503
0.0019931887712118274
0.0
0.0
0.0
0.0
0.003716114658191543
0.0001249965839573519
8.614172601084797e-05
0.0
0.0
0.0
0.00020607544922698556
0.0
9.459200948123927e-05
0.0
0.00011486172579864769
5.414622777824729e-05
0.0007770057921673226
0.0003716114658191543
0.0
8.860291818258648e-05
0.0008783543737543647
0.0
0.0
0.0
0.00014188801422185891
0.0
0.0001255208007586642
0.00016982225984995742
0.0
0.001081051536928449
0.0
0.0006756572105802805
8.445715132253506e-05
0.0
0.00014767153030431082
0.0007770057921673226
0.0006418743500512665
0.0003344503192372389
6.080914895222525e-05
3.445669040433919e-05
0.001418880142218589
0.0007770057921673226
0.000260128026073408
0.000911097179420394
0.0
0.0
0.0
2.411968328303743e-05
0.0
0.0004729600474061964
0.00031418060291983044
0.0
0.0017567087475087294
0.00011486172579864769
0.0009459200948123928
0.0
0.0003344503192372389
0.00019931887712118276
0.0
0.00015013272247604931
0.0001486445863276617
8.445715132253506e-05
-1.3295613863149498e-21
0.0012161829790445049
6.645218863693987e-05
0.0003716114658191543
0.0
0.0
0.0
0.0018580573290957714
0.0
0.0003716114658191543
0.0002499931679147038
0.0009797029553414067
0.0007432229316383086
0.00010810515369284489
0.0
0.0
1.2552080075866418e-05
0.0008107886526963367
0.0
1.2059841641518715e-05
0.0
0.0001283748700102533
7.629695732389392e-05
0.0008783543737543647
0.0022634516554439397
0.0
0.00013850972816895752
0.0
0.0
0.0
0.0
0.0
9.1064110354325e-05
0.0013850972816895752
9.121372342833787e-05
0.0
9.459200948123927e-05
3.9379074747816215e-06
0.0
0.002398583097559996
0.0
0.00023310173765019677
0.0
0.0
0.0
0.0
0.0006418743500512665
0.001081051536928449
7.383576515215541e-05
0.0018580573290957714
0.0
2.7073113889123646e-05
0.0007094400711092945
0.0009459200948123928
0.0
0.0
0.0008107886526963367
0.001283748700102533
0.0
0.0
0.0005743086289932385
0.0005405257684642245
0.0008107886526963367
6.891338080867838e-05
0.0008783543737543647
0.0
0.00011075364772823311
0.001182400118515491
0.0
0.00017567087475087295
0.0
0.0006756572105802806
0.0
0.0
0.0
0.0
0.0
0.00011486172579864769
0.00011486172579864769
0.0008445715132253507
0.0006418743500512665
0.00017904916080377435
0.0015877944448636594
0.0006418743500512666
3.6917882576077704e-05
0.0
0.0
0.00033782860529014025
0.00020269716317408416
0.0
0.0
0.00033782860529014025
0.0
0.0
0.0020269716317408417
0.00010134858158704208
0.0
7.383576515215541e-05
0.0010134858158704209
4.184026691955473e-05
0.001182400118515491
0.0007432229316383086
0.0002364800237030982
0.0
0.0005743086289932385
0.000911097179420394
0.00016215773053926733
0.0003716114658191543
0.0009797029553414067
0.0
0.0
0.001283748700102533
1.0583126338475607e-05
7.875814949563243e-05
0.0
0.0003716114658191543
0.0
8.121934166737095e-05
4.391771868771824e-05
0.0
4.922384343477027e-05
0.0001182400118515491
0.0
3.937907474781622e-05
0.0004053943263481683
0.0
0.001283748700102533
0.0
0.0
0.0
0.0001249965839573519
0.00016891430264507013
0.0
0.0
5.660741994998581e-06
4.430145909129324e-06
0.0
0.0
0.0007094400711092947
0.0009459200948123928
8.614172601084797e-05
0.0009459200948123928
0.001148617257986477
0.00043917718687718236
0.000911097179420394
0.00021958859343859118
0.0
0.0021283202133278835
0.0
0.0
0.0
0.0
0.0
0.0
0.0006418743500512665
0.0
0.0
0.001081051536928449
0.0
0.0
7.094400711092946e-05
7.432229316383086e-05
0.0008783543737543647
0.001182400118515491
0.0005067429079352104
0.0
0.0
1.3782676161735675e-05
0.000243236595808901
0.0
0.0
0.0
0.001148617257986477
0.00018242744685667575
0.0
0.0020269716317408417
0.0005743086289932385
7.875814949563243e-05
7.875814949563243e-05
9.121372342833787e-05
0.0
6.418743500512665e-05
8.614172601084798e-06
0.0007094400711092947
0.0010472686763994348
0.0004053943263481683
0.0
0.00027026288423211224
0.0002736411702850136
0.0011148343974574629
0.0
0.0002533714539676052
0.0
0.0
0.0
0.0
0.0
0.0
0.0
0.0010134858158704209
0.0
0.00043917718687718236
0.001148617257986477
0.0
0.0
0.0
0.0
0.0
0.00023310173765019677
0.0
0.0001304431851021412
0.0
0.0
0.0005067429079352104
0.0
0.0
0.0018580573290957714
2.3381325631515877e-05
4.6762651263031755e-05
0.0
0.002364800237030982
9.844768686954053e-05
0.0
0.0
0.0001304431851021412
0.0
0.00010090887904127905
0.0
0.0011148343974574629
0.0017567087475087294
0.0008445715132253507
0.0019594059106828134
0.0001047268676399435
0.00022972345159729538
0.0
0.000260128026073408
7.383576515215541e-05
0.0
0.0
0.0
0.0
0.003716114658191543
0.0
7.13745729804169e-05
0.0027364117028501364
0.0
0.0
0.0
0.000911097179420394
0.0012161829790445049
0.0
0.0
0.0
0.0
1.6982225984995742e-05
9.121372342833787e-05
0.0005067429079352104
0.0007432229316383086
0.0
0.0
-1.0636491090519598e-20
0.002567497400205066
0.00015540115843346453
0.0005405257684642245
0.0
0.0004053943263481683
0.0
0.0010472686763994348
0.00018242744685667575
0.0
3.074240308140277e-05
0.00030066745870822485
0.0
0.0005405257684642245
0.0003716114658191543
8.860291818258648e-05
0.00021283202133278836
0.0004729600474061964
0.0012161829790445049
0.0006080914895222524
7.875814949563243e-05
0.0
0.000911097179420394
2.9534306060862162e-05
0.0
0.0006080914895222524
4.430145909129324e-05
0.0
0.0
0.0
0.0004053943263481683
4.7296004740619636e-05
0.0
0.0006756572105802805
0.0018580573290957714
0.001283748700102533
0.0006756572105802805
0.0
0.0001486445863276617
0.0005743086289932385
0.0
0.0
0.0
0.0
0.0
0.00020269716317408416
0.0
0.0
0.0008783543737543647
0.0
0.0
0.0010472686763994348
0.0
0.0
0.00014188801422185891
3.378286052901403e-05
0.0002803977423908164
6.399099646520134e-05
0.00022972345159729538
0.0007770057921673226
4.6762651263031755e-05
6.645218863693987e-05
0.001081051536928449
0.0
6.645218863693987e-05
0.0
1.1321483989997162e-05
0.00028715431449661925
0.0
0.0
0.0014526630027476032
0.0
0.0
0.0
0.0
0.00021958859343859118
0.0
3.199549823260067e-05
0.0003716114658191543
0.0009797029553414067
1.648998755064804e-05
0.0007094400711092945
1.8458941288038852e-05
0.0010472686763994348
0.003344503192372389
0.0
0.0
0.0
0.0006756572105802805
0.000911097179420394
0.0
0.001418880142218589
0.000911097179420394
0.0
0.00010090887904127905
0.0004053943263481683
0.0
6.1529804293462834e-06
0.0
0.0009797029553414067
0.001182400118515491
0.0006756572105802805
0.001081051536928449
0.001081051536928449
0.000911097179420394
0.0
0.0
0.0001182400118515491
4.184026691955473e-05
0.00010810515369284489
4.430145909129324e-06
0.0
0.0
0.0
5.9068612121724325e-05
0.0
0.0
0.0
4.6762651263031755e-05
0.0
0.0
0.0
0.0007094400711092945
0.00014188801422185891
5.660741994998581e-05
0.0
0.001249965839573519
7.629695732389391e-06
0.0
0.0
4.922384343477027e-05
0.001182400118515491
0.0
0.0001182400118515491
0.001351314421160561
0.0002364800237030982
0.0005067429079352104
0.0
0.00010337007121301756
0.0
0.0
0.0015877944448636594
0.0008783543737543647
0.00011321483989997162
8.107886526963367e-05
0.0009797029553414067
0.00013782676161735676
0.0017567087475087294
0.0
9.459200948123927e-05
6.756572105802806e-05
4.922384343477027e-05
0.00033782860529014025
0.0
0.0005405257684642245
0.0
0.0004053943263481683
0.0
0.0017904916080377434
4.6762651263031755e-05
0.0
0.0
0.0001216182979044505
0.0
6.080914895222525e-05
0.00010810515369284489
0.0
0.0001648998755064804
0.0001182400118515491
0.0
0.0
0.0
0.0040539432634816835
0.0
0.0
0.0006418743500512665
0.0007770057921673226
0.00043917718687718236
0.0013850972816895752
0.0031418060291983044
0.0006756572105802806
0.001081051536928449
5.9068612121724325e-05
0.0
0.0001216182979044505
0.0004729600474061964
0.0001520228723805631
0.0007432229316383086
0.0
0.000260128026073408
0.0009459200948123928
0.0004729600474061964
6.645218863693987e-05
0.002297234515972954
8.368053383910946e-05
3.199549823260067e-05
0.00010810515369284489
2.9534306060862162e-05
0.0004053943263481683
3.445669040433919e-05
0.0007770057921673226
3.6917882576077704e-05
0.0009459200948123928
0.0
0.00028377602844371783
0.00018242744685667575
0.00016736106767821892
0.0
0.0
0.0
1.648998755064804e-05
0.0006418743500512665
0.0
0.0
0.0009459200948123928
0.0009459200948123928
0.0002533714539676052
0.0
0.0
0.0
0.00019256230501537994
0.0
0.00032093717502563324
0.0
0.0
0.0
0.00043917718687718236
0.00023310173765019677
0.002499931679147038
0.0
0.0005405257684642245
4.2545964362078394e-20
0.0011148343974574629
0.0
0.0
0.0
0.00013850972816895752
0.0004053943263481683
0.0
0.00020607544922698556
7.383576515215541e-05
0.0009459200948123928
0.0003716114658191543
0.0
0.0002567497400205066
0.0
0.00010810515369284489
0.0016891430264507014
0.0010134858158704209
0.0
0.0
0.0
0.00020269716317408416
0.0
1.5505510681952636e-05
0.00043917718687718236
-2.6591227726298996e-21
0.0007770057921673226
0.0
0.0
0.0
0.0008783543737543647
1.9197298939560405e-05
0.0007094400711092945
0.0004053943263481683
0.00043917718687718236
0.0008107886526963367
6.891338080867838e-05
7.629695732389392e-05
0.0
4.922384343477027e-05
0.0
9.1064110354325e-05
0.0006756572105802805
0.0017229258869797153
2.2642967979994324e-05
0.0
0.0
0.0
0.0
0.0004053943263481683
0.0
0.0
0.0
0.0001452103381325723
0.0
0.0
0.0004053943263481683
0.0005067429079352104
0.0
0.00012059841641518716
-1.0636491090519598e-20
0.0006080914895222524
0.0008107886526963367
8.107886526963367e-05
0.00043917718687718236
0.00010337007121301756
0.0020945373527988696
0.0
0.0003716114658191543
0.00010090887904127905
0.0008783543737543647
0.0015877944448636594
0.0
0.000911097179420394
0.00011075364772823311
0.002837760284437178
0.0
0.0
0.0005743086289932385
6.152980429346283e-05
0.0012161829790445049
0.0005743086289932385
0.0020945373527988696
8.368053383910946e-05
0.0007770057921673226
0.0
0.0
0.0008783543737543647
0.0
0.0
0.0010472686763994348
0.0
0.0
0.0020269716317408417
0.0005067429079352104
7.137457298041689e-06
2.239684876282047e-05
0.00015877944448636593
0.0033107203318433745
0.001351314421160561
0.0
0.0
0.0006080914895222524
6.1529804293462834e-06
1.0583126338475607e-05
1.1321483989997162e-05
0.0
0.0005405257684642245
0.0
7.875814949563243e-05
0.0
0.00018242744685667575
0.0008445715132253507
0.0004729600474061964
9.459200948123927e-05
0.0
0.0008107886526963367
8.783543737543648e-05
0.0
0.0001452663002747603
0.0008445715132253507
0.00018242744685667575
0.00022634516554439398
0.0002635063121263094
0.0001317531560631547
0.00031418060291983044
3.445669040433919e-05
0.00016553601659216873
0.0
-1.0636491090519598e-20
0.0
0.0
2.4611921717385137e-05
0.0003276937471314361
0.0017567087475087294
0.0
0.0
0.0002668845981792108
0.0
0.0
0.0
0.0032431546107853466
8.614172601084797e-05
0.0
6.645218863693987e-05
0.0
0.0
0.0
0.0
0.0
0.0
0.001148617257986477
8.121934166737095e-05
0.0
2.4611921717385134e-05
6.756572105802806e-05
0.00031755888897273186
0.0004053943263481683
0.00019256230501537994
0.002331017376501968
4.6762651263031755e-05
5.7430862899323844e-05
0.00011321483989997162
0.0002567497400205066
0.0
0.0
0.00019594059106828137
0.0
0.0
0.0
0.0
0.0
1.107536477282331e-05
0.00043917718687718236
8.614172601084797e-05
0.0002668845981792108
0.001148617257986477
1.624386833347419e-05
0.0
0.0010134858158704209
0.0
0.0007094400711092945
0.002331017376501968
0.0001279819929304027
0.0
7.383576515215541e-05
0.0
0.0
0.0
0.0005405257684642245
0.0018580573290957714
0.0016553601659216872
0.00018580573290957714
0.0
0.00016553601659216873
0.0
0.0005405257684642245
0.0
0.00017229258869797152
8.107886526963367e-05
3.937907474781622e-05
0.001081051536928449
1.2059841641518715e-05
0.00010472686763994348
0.0008783543737543647
0.00019594059106828137
7.629695732389392e-05
0.0006080914895222524
0.0
0.0005067429079352104
0.00021283202133278836
0.0010472686763994348
5.168503560650878e-05
9.352530252606351e-05
0.0
0.0009797029553414067
0.001182400118515491
0.0
0.0030404574476112626
0.0
0.00016215773053926733
-1.3295613863149498e-21
0.0
0.0004053943263481683
7.629695732389392e-05
0.001249965839573519
0.0
0.0005067429079352104
0.0
0.0001249965839573519
0.0
0.0
8.860291818258648e-05
1.648998755064804e-05
0.0008107886526963367
0.0
0.0
-6.647806931574749e-22
0.002702628842321122
8.121934166737095e-05
0.0
0.00021958859343859118
3.6917882576077704e-05
0.0008445715132253507
7.770057921673227e-05
0.0009797029553414067
0.0
0.00016553601659216873
0.0012161829790445049
0.0
0.0008445715132253507
0.0006756572105802805
0.0
0.0005067429079352104
6.756572105802806e-05
0.0006756572105802805
0.0
0.0
6.080914895222525e-05
0.0
0.0008445715132253507
0.00019594059106828137
7.094400711092946e-05
6.891338080867838e-05
0.0
0.00015877944448636593
0.0
0.0006080914895222524
0.0010134858158704209
0.0005067429079352104
3.937907474781622e-05
0.0
0.0
0.00021958859343859118
0.0
7.875814949563243e-05
0.0
5.168503560650878e-05
4.184026691955473e-05
0.0
0.001148617257986477
0.0
4.6762651263031755e-05
0.0
0.0
0.002466148818618024
0.0004053943263481683
0.0
0.0
2.707311388912365e-05
0.0006756572105802805
0.0
0.0
0.0004729600474061964
0.0
8.614172601084797e-05
0.0
0.0010134858158704209
0.0003209371750256333
3.199549823260067e-05
0.0003344503192372389
0.001351314421160561
0.00010829245555649459
0.0004053943263481683
0.0006756572105802805
0.0
0.0005743086289932385
0.0003344503192372389
0.0
5.067429079352104e-05
0.0
0.0
4.6762651263031755e-06
0.0
0.0
0.0
0.0
0.0
0.0008445715132253507
0.0007432229316383086
0.0
4.922384343477027e-05
0.0009797029553414067
0.0015877944448636594
0.0020269716317408417
0.0
7.432229316383086e-05
0.0004053943263481683
0.0002668845981792108
6.418743500512665e-05
0.002635063121263094
0.00016215773053926733
0.0
0.0001249965839573519
0.0
0.0
0.001148617257986477
0.0
0.00010090887904127905
0.00014188801422185891
0.0007432229316383086
0.002837760284437178
0.0007770057921673226
0.0
0.0
7.770057921673227e-05
0.0001520228723805631
0.0
0.0007770057921673226
0.0001148617257986477
0.0031755888897273188
0.0
0.0
0.0
0.0003716114658191543
0.002499931679147038
0.001182400118515491
0.0
0.002533714539676052
0.00015877944448636593
0.0006080914895222524
0.0
1.4274914596083378e-05
6.891338080867838e-05
0.0
0.0
0.0
0.0
0.0
0.00011148343974574629
0.0
0.000260128026073408
2.9534306060862162e-05
5.9068612121724325e-05
0.0
1.2552080075866418e-05
0.0001452663002747603
0.0001317531560631547
0.0
0.0
0.0
-1.3295613863149498e-21
0.0
0.0
0.0
2.1166252676951215e-05
3.199549823260067e-05
0.0
0.0
0.00016891430264507013
0.0008783543737543647
0.0010472686763994348
0.0011148343974574629
0.0
0.0
0.0
0.00030066745870822485
0.0
0.0003716114658191543
0.0
0.0
0.00027026288423211224
0.0009459200948123928
0.0
0.0
0.0
0.001418880142218589
0.0
3.6917882576077704e-05
0.0
0.0006756572105802805
2.4611921717385137e-05
0.0
0.002364800237030982
4.6762651263031755e-05
0.0016891430264507014
0.0
6.152980429346283e-05
0.0
0.0
0.0003209371750256333
0.0
0.0
0.0
0.0
0.0008445715132253507
0.0
0.0
0.0021283202133278835
0.0009797029553414067
0.0
0.0
4.184026691955473e-05
0.0018918401896247856
0.0004053943263481683
0.0010472686763994348
0.0
7.432229316383086e-05
0.0
6.399099646520134e-05
0.0004729600474061964
0.0
6.645218863693987e-05
0.0
0.0
0.0
0.0
8.509192872415679e-20
0.002567497400205066
0.0008783543737543647
0.0
0.0
0.0
5.9068612121724325e-05
0.0005067429079352104
0.0
8.860291818258648e-05
0.002837760284437178
0.0
3.937907474781622e-05
0.0
0.0
0.0
0.0
0.00028377602844371783
0.0001249965839573519
0.00016891430264507013
1.0337007121301757e-05
0.0
0.0003716114658191543
0.0008783543737543647
-2.1272982181039197e-20
0.0
0.0
0.0
0.00019594059106828137
0.0007770057921673226
0.0002803977423908164
0.001081051536928449
0.0009459200948123928
0.0
3.199549823260067e-05
0.00031418060291983044
0.0018918401896247856
0.0
0.00018918401896247854
0.0
0.0
4.430145909129324e-05
0.0008783543737543647
0.00031418060291983044
6.399099646520134e-05
0.0
0.0
0.0017567087475087294
0.0
0.0002803977423908164
0.0007770057921673226
0.00011075364772823311
8.368053383910946e-05
0.0
0.00043917718687718236
0.0
0.0
0.0004053943263481683
0.000260128026073408
4.184026691955473e-05
0.0006756572105802805
0.0006418743500512665
0.0
0.00028377602844371783
0.0006418743500512665
0.0
0.0
0.0
0.0005405257684642245
0.0004053943263481683
0.0010472686763994348
0.00028377602844371783
0.001249965839573519
0.00027026288423211224
0.00017229258869797155
9.121372342833787e-05
0.0015877944448636594
0.0007094400711092947
0.0
0.0005405257684642245
0.0
0.0
0.0001216182979044505
0.0
0.0002466148818618024
0.00021621030738568978
0.0014864458632766172
0.0
0.00017904916080377435
7.383576515215541e-05
0.00023310173765019677
1.2305960858692569e-05
0.0006080914895222524
8.121934166737095e-05
0.0
0.002635063121263094
0.00017904916080377435
0.00022296687949149258
0.0
0.0024323659580890097
-5.318245545259799e-21
0.00043917718687718236
0.0007094400711092945
0.0
0.00017229258869797152
0.0
0.00021958859343859118
0.0007432229316383086
0.0
0.0014864458632766172
0.0008107886526963367
0.0007094400711092945
7.875814949563243e-05
0.0005743086289932385
0.0007432229316383086
5.168503560650878e-05
0.0006080914895222524
0.0
0.0
0.0
0.0006418743500512666
0.0
0.0
0.0
0.0027701945633791503
0.0009797029553414067
0.003716114658191543
0.0
0.0010472686763994348
0.00033782860529014025
0.0
0.0
0.0
0.0
0.0007094400711092947
0.0
0.0
0.0
8.783543737543648e-05
0.0003141806029198305
0.0006418743500512666
0.0
0.0013850972816895752
0.0
0.001249965839573519
0.001182400118515491
0.0
0.0022634516554439397
0.0
0.0
0.0
0.0
0.0
0.0
0.0
0.0
0.0
-3.4036771489662715e-19
0.0
0.0
0.0
0.0
0.0
8.445715132253506e-05
0.0
0.0
0.0
4.2545964362078394e-20
7.13745729804169e-05
0.0016215773053926733
0.0
0.0
0.0
0.0
0.0
0.0
0.0
0.0
0.0
0.0
0.0
0.0
0.0
0.0
6.399099646520134e-05
0.0
0.0
0.0
0.0
0.0
0.0
0.0
0.0
0.0
0.0006756572105802806
0.000911097179420394
0.0
0.0
0.0
0.0
0.0
0.0
8.445715132253506e-05
0.0
0.0
0.0
0.0
0.000911097179420394
0.0
-4.2545964362078394e-20
0.0
0.0
0.0
0.0
0.0
0.0
0.0
0.0
0.0
0.0
0.0
0.0
0.0
0.0
0.0
0.0
0.0
0.0
0.0
0.0
0.0
0.0
0.0
0.0
0.0
0.0
0.0
0.0
0.0
0.0
0.0
0.0
0.0
0.0
0.0
0.0
0.0
0.0
0.0
0.0
0.0
0.0
0.0
0.0
0.0
0.0
0.00021283202133278836
0.0
0.0
0.0
0.0
0.0
0.0
0.0003040457447611262
0.0
0.0
0.0
0.0
0.0
0.0
0.0
0.0
0.0
0.0
0.0
0.0
0.0
0.0
0.0
0.00019256230501537994
0.0
0.0
0.0
0.0
0.0
0.0
0.0
0.0
0.0
0.0
0.0
0.0032431546107853466
0.0
0.0
0.0
0.0
0.0
0.0
-4.2545964362078394e-20
0.0
0.0
0.0
0.0
0.0
0.0
0.0
0.0
0.0
0.0
0.0
0.0
0.0
0.0
0.0
0.0
0.0
0.0
0.0
0.0
0.0
0.0
0.0
3.199549823260067e-05
0.0
0.0
0.0
0.0
0.0
0.0
0.0
0.0
0.0
0.0
0.00014864458632766174
0.0
0.0
0.0
0.0
0.0
0.0
0.0
0.0
0.0
0.0
0.0
0.0
0.0
0.0
0.0
0.0
0.0
0.0
0.0
0.0001452663002747603
0.0
0.0
0.0002635063121263094
0.0
0.0
0.0
0.0
0.0
0.0
0.00032093717502563324
0.0
0.0
0.0
0.0
0.0
0.0
0.0
0.0
0.0
0.0
0.0
0.0
0.0
0.0
0.0
0.0
0.0
0.0
0.0
0.0
0.0
0.0
0.00016553601659216876
0.0
0.0
0.0
0.0
0.0
0.0
0.0
0.0
0.0
0.0
0.0
8.445715132253506e-05
0.0
0.0
0.0
0.0
0.0
0.0
0.0
0.0
0.0
0.0
0.0
0.0
1.0636491090519598e-20
2.1272982181039197e-20
0.0
0.0
0.0
0.0006418743500512666
0.0
0.0
1.0636491090519598e-20
0.0006080914895222524
0.0
0.0
0.0
0.0
0.0
0.0
0.0
0.0
0.0
0.0
0.0
0.0
0.0
0.00043917718687718236
-2.6591227726298996e-21
0.0
0.0
0.0
0.0
0.0021283202133278835
0.0
0.0
0.0
0.0
-2.6591227726298996e-21
0.0
0.0
0.0
0.0
0.0
0.0
0.0
0.0
0.0
0.0
0.0
0.0
0.0
0.0
0.0
4.2545964362078394e-20
-4.2545964362078394e-20
0.0
0.0
0.0
0.0
0.0
0.0
0.0
0.0
0.0
0.00019256230501537994
0.0
0.0
0.0
0.0
0.0
0.0
0.0
0.0
0.0
0.0
0.0
0.0
0.0
0.0
0.0
0.0
0.0
0.0
0.0
0.0
0.0
-4.2545964362078394e-20
0.0
0.0
0.0
0.0
0.0
0.0
0.0
0.0
0.0
0.0
0.0
0.0
0.0
0.0004053943263481683
0.0
0.0
0.0
0.0
0.0
0.0
0.0
0.0
0.0
0.0
0.0
0.0
0.0
0.0
0.0
0.0006080914895222524
0.0
0.0
0.0
0.0
0.0
0.0
0.0
0.0
0.0
0.0
0.0
1.0636491090519598e-20
0.0
0.0
0.0
0.0
0.0
0.0
0.0
0.0
0.0
0.0
0.0
0.0
0.0
0.0
0.0
0.0
0.0
0.0
0.0001452663002747603
0.0
0.0
0.00043917718687718236
0.0
0.0
0.00043917718687718236
0.0
0.0
0.0
0.0
0.0
0.0
0.0
0.0
0.0
0.0
0.0
0.0
0.0
0.0
0.0
0.0
0.0
0.0
0.0
0.0
0.0
0.0
0.0
0.0
0.0
0.0
0.0
0.0
0.0
0.0
0.0
0.0
0.0
0.0
0.0
0.0
0.0
0.0
0.0
0.0
0.0
0.0
0.0
0.0
0.0
0.0
0.0
0.0
0.0
0.0
0.0
0.0
0.0
0.0
0.0
0.0
0.0
0.0
0.0
0.0
0.0
0.0
0.0
0.0
0.0
0.0
0.0
0.0
0.0
0.0
0.0
0.00043917718687718236
0.0
0.0
0.0
0.0
0.0
2.1272982181039197e-20
0.0
0.0
0.0
0.00019256230501537994
0.0
0.0
0.0
0.0
0.0004053943263481683
0.0
0.0
0.0
0.0
0.0
0.0
0.0
0.0
0.0
0.0
0.0
0.0
0.0
0.0
0.0
0.0
0.0
0.0
0.0
6.399099646520134e-05
0.0
0.0
0.0
0.0
0.0
0.0
0.0
0.0
0.0
0.0
0.0
0.0
0.0
0.0
0.0
0.0
0.0
0.0
0.0
0.0
0.0
0.0
0.0
0.0
0.0
0.0
0.0
0.0
0.0
0.0
0.0
0.0
0.00012305960858692566
0.0
0.0
0.0
0.0
0.0
0.0
0.0003716114658191543
0.0
0.0
0.00033107203318433746
0.0
0.0
0.0
0.00027026288423211224
0.0
0.0
0.0
0.0
0.0
0.0
0.0
0.0
0.0
0.0
-1.3295613863149498e-21
0.0
0.0
0.0
0.0
0.0
0.0
0.0
0.0
0.0
0.0008445715132253507
0.0
8.614172601084797e-05
0.0
0.0
0.0
0.0
0.0
0.0
0.0
0.0
0.0
0.0
0.0
0.0
0.0
0.0
0.0
0.0
0.0
0.0
0.0
0.0
0.0
0.0
0.0
0.0
0.0
0.0
0.0
0.0
0.0
0.0
0.0
0.0
0.0
0.0
0.0
1.0636491090519598e-20
0.0
0.0
0.00020269716317408416
0.0
0.0
0.00019931887712118276
0.0
0.0
0.0
2.6591227726298996e-21
0.0
0.0
0.0
0.0
0.0
0.0
0.0004053943263481683
0.0
0.0
0.00032431546107853466
0.0
0.0
0.0
0.0
0.00019931887712118276
0.0
0.0
0.0
0.0
0.0
0.0002499931679147038
0.0
0.0008783543737543647
0.0008445715132253507
0.0003310720331843375
0.0
9.459200948123927e-05
0.0
0.0
0.0
0.0
0.0
0.0
0.0
0.0
0.0
0.0
0.0
0.0
0.0
0.0
0.0
0.0
0.0
0.0
0.0
0.0
0.0
0.0
0.0
0.0
0.0
0.0
0.0
0.0003141806029198305
0.0
0.0
0.0
0.0
0.0
0.001317531560631547
0.0
0.0
0.0
0.0
0.0
0.0002466148818618024
0.0
0.0
0.0
0.0
0.0
0.0
0.0
0.0
0.0
0.0
0.0
0.0028715431449661925
0.000209453735279887
0.0
0.0002331017376501968
0.0
0.0
0.00014188801422185891
0.004391771868771824
0.0
0.0
0.0
0.0
0.0005405257684642245
0.0004729600474061964
0.00019256230501537994
0.0002668845981792108
4.430145909129324e-05
0.001249965839573519
0.00013850972816895752
0.00226345165544394
0.0
0.00019256230501537997
0.0007432229316383086
0.0
0.0
0.00030066745870822485
0.0
0.0
0.00010134858158704208
0.0
0.000243236595808901
0.000979702955341407
0.000911097179420394
0.0
0.0
0.0
0.0
0.0007094400711092947
0.0004729600474061964
0.0002364800237030982
0.0
0.0
0.0
0.0004729600474061964
0.0001486445863276617
0.000911097179420394
0.0
0.0
0.0004053943263481683
0.0
0.0
0.0
0.00031755888897273186
0.000911097179420394
0.0
0.0007432229316383087
0.0
0.0
0.0005405257684642245
0.0007770057921673226
0.0
0.0
0.0
0.0
0.0
0.0
0.0006080914895222525
0.002331017376501968
0.00030066745870822485
0.00027701945633791503
0.0
0.00028377602844371783
0.0
0.0
0.001182400118515491
0.000209453735279887
4.6762651263031755e-05
0.0014864458632766172
0.001081051536928449
0.00017904916080377435
0.0
0.0007094400711092945
0.0
0.00014188801422185891
0.00022296687949149258
0.0004053943263481683
0.0003716114658191543
3.6917882576077704e-05
0.00021958859343859118
0.0014864458632766172
0.0
0.0029391088660242204
0.00015877944448636593
0.0007770057921673226
0.0
0.0002331017376501968
0.0
0.0
0.0
0.0010134858158704209
0.0007094400711092945
9.459200948123927e-05
0.0013850972816895752
0.00017229258869797155
0.0006756572105802806
0.0
0.0
0.0
9.121372342833787e-05
0.0
0.0
0.0011148343974574629
0.0
0.0008445715132253507
0.0006418743500512666
0.0002905326005495206
0.0007770057921673226
0.0
0.00019256230501537997
0.0
7.875814949563243e-05
6.399099646520134e-05
0.0009459200948123928
0.0005067429079352104
0.0
0.0
0.0
3.937907474781622e-05
0.0007094400711092947
0.0
0.0010134858158704209
0.0009459200948123928
0.00018918401896247857
0.0
0.0
0.0005405257684642245
0.0
0.0020269716317408417
0.0
6.645218863693987e-05
7.383576515215541e-05
0.00010134858158704208
0.0
0.0
0.0
0.000911097179420394
0.0006756572105802805
0.0
9.121372342833787e-05
0.0
0.0004053943263481683
0.00012161829790445051
0.0
