0.0280950512361361
0.0
0.0
0.0
0.0
0.0
0.0
0.022043570431398082
0.018646184979606968
0.0
0.0
0.023295333097859982
0.021195120318569488
0.01846514245553157
0.0
0.017167969783030954
0.0
0.0
0.015860639609179574
0.017675247350489743
0.020942975285038738
0.01740099481401909
0.01376759683084256
0.01158731904090486
0.013382209279592952
0.017380082311238103
0.0
0.0
0.0
0.0
0.0
0.0
0.013026696732316182
0.0
0.0
0.0
0.0
0.0
0.0
0.0
0.0
0.011593294041699427
0.0
0.0
0.0
0.0
0.0
0.0
0.0
0.0
0.0
0.0
0.0
0.0
0.0
0.0
0.0
0.0
0.0
0.0
0.0
0.0
0.0
0.0
0.0
0.0
0.0
0.0
0.0
0.0
0.0
0.0
0.0
0.0
0.0
0.0
0.0
0.0
0.0
0.0
0.0038329630097150864
0.004234483063110027
0.0
5.434231565748228e-19
0.0
0.0
0.0
0.0
0.01132740650634117
0.0
0.0
0.0
0.0
0.0
0.0
0.0
0.0
0.0
0.0
0.0
0.0
0.0
0.0
0.0
0.03119069914780155
0.0
0.0
0.0
0.0
0.0
0.0
0.0
0.0
0.0
0.0
0.0
0.0
0.0
0.02662878604114922
0.0
0.0
0.025794078430148134
0.0
0.0
0.0
0.02446583575351577
0.0
0.0
0.0
0.0
0.0
0.024375613241517796
0.0
0.0
0.0
0.0
0.0
0.023473985621617552
0.0
0.0
0.0
0.0
0.014967376990391724
0.0
0.03983592779746135
0.02202206042853764
0.0
0.0
0.0
0.0
0.0
0.0
0.0
0.0
0.0
0.0
0.023102340572195453
0.0
0.017344232306470697
0.0209573152869457
0.021057695300294433
0.0
0.017181114784779003
0.0
0.012566621671134481
0.0
0.0
0.021694630384995337
0.01786166737528025
0.0
0.01616357214946415
0.015875577111165995
0.0
0.0
0.0
0.0
0.0
0.010955761456919068
0.017874812377028298
0.013481394292782774
0.021950360419002828
0.0
0.0
0.0
0.0
0.0
0.020803757766525315
0.0
0.0
0.0
0.0
0.0
0.0
0.0
0.0
0.0
0.018208814921444622
0.0
0.0
0.01423006189234209
0.0
0.0
0.015545159567226408
0.011912359084129335
0.0
0.0
0.0
0.0
0.0
0.0
0.0
0.0
0.0
0.0
0.0
0.0
0.0
0.0
0.0
0.0
0.01208802410748962
0.0
0.0
0.0
0.0072841234686573065
0.0
0.0
0.0
0.0
0.0
0.011778519066331022
0.0
0.006426710854636862
0.0
0.0
0.0
0.0
0.006350828344545854
0.0
0.006037738302910514
0.006129753315146855
0.0
0.0
0.0
0.007012260932504483
0.006755335898338078
0.005275328201523695
0.0
0.0
1.0868463131496455e-18
0.0
0.0
0.0
0.0
0.0
-1.0868463131496455e-18
0.0
0.0
0.0
0.0
0.005258598199298905
0.004541000603871342
0.006969838426863053
0.0
0.0
0.0
0.0
0.0059642457931373336
0.0
0.0
0.0
0.0
0.0
0.0
0.0
0.0
0.0
0.0
0.0
0.0
0.0
0.004135298049920205
0.004050453038637346
0.0
0.0
0.0
0.0038795680159127133
0.0002915470567706538
0.0
0.0
0.0036788079892152437
0.0
0.0
0.0
0.0
0.0
0.0
0.0
0.0
0.0
0.0
0.0
0.0
0.0
0.0
0.0
0.0
-5.434231565748228e-19
0.0
0.0036501279854013195
0.0
0.0
0.0
0.0
0.0
0.0
0.0
0.0
0.0
0.0
0.0
0.0
0.0
0.0
0.0
0.0
0.0
0.0
0.0
0.0
0.0
0.0
0.0
0.0
0.0
0.0
0.0
0.0
0.0
0.0
0.0
0.0
0.0
0.0
0.0
