8.832775384040454e-05
0.0
0.0
-8.482766807594512e-20
0.0
0.00018646970255196515
0.0
0.0
0.0
0.0
0.0
0.0006735588962617083
0.0
0.0
0.0
0.0038429152344971584
0.0
0.0007409147858878791
0.0021553884680374667
0.0
0.0016838972406542708
0.0
0.0
0.0
0.0
0.0
0.0
0.0
0.0024248120265421497
0.0
0.0
0.0
0.0033677944813085415
0.0
0.0
0.004310776936074933
0.0
0.0
0.0
0.0
0.0
-2.120691701898628e-20
0.0
0.0
0.0
0.0
0.0
0.0
0.0
0.0
0.0
0.0
0.0
0.0
0.0
0.0
0.0
0.0
0.0
0.0
0.0
0.0
0.0
0.0
0.0
0.0
0.0
0.0
0.0
0.0
0.0
0.00024921679161683206
0.0
0.0
0.0
0.0
0.005388471170093666
0.0030310150331776873
9.81419487115606e-05
0.0
0.0
0.00020119099485869924
0.0
0.0024248120265421497
0.0
0.0004782268163458129
0.0
0.0
0.0
0.0
0.0
0.0
0.0
0.0
0.0
0.0
0.00017665550768080908
0.0
0.0
0.0
0.0
0.0
0.0
0.0
0.0021553884680374667
0.0022227443576636374
0.0
0.0
0.00021553884680374665
0.0
0.0
0.00026498326152121364
0.0
0.0
0.0
0.0
0.0
0.0
0.0
0.0
4.241383403797256e-20
0.0
2.120691701898628e-20
0.0
0.0
0.0
0.0
0.0
0.0
0.0
0.0
0.0
0.0
0.0
0.0
0.0
0.0013471177925234166
0.0
0.0
0.0
0.0
0.0
0.0
0.0
0.0
0.0
0.0
0.0
0.0
0.0
5.888516922693636e-05
0.0
0.0
0.0
0.0
0.0
0.0005186403501215153
0.0
0.0
0.0
0.0
0.0
0.0
0.0
0.0
0.0
-4.241383403797256e-20
0.0
0.0
0.0
0.0
0.0
0.0
0.0
0.0
0.0
0.0
0.0
0.0
0.0
0.0
0.0
0.0
0.0
0.0
0.0
0.0
0.0
0.0
0.0
0.0
0.0
0.0
0.0
0.0
0.0
0.0
0.0004378132825701104
0.0
0.0
0.0
0.0
0.0
0.0
0.0
0.0
0.0
0.0
0.0
0.0
0.0
0.0
0.0
0.0
4.241383403797256e-20
0.0
-1.060345850949314e-20
0.0
0.0
0.002290100247289808
0.0
0.0
0.0
0.0
0.0
0.0
0.0
-1.060345850949314e-20
0.0
0.0
0.0
0.0
0.0
0.0
0.0
0.0
0.0
0.0
0.0
0.0
0.0
0.0
0.0
0.0
0.0
0.0
0.0
0.0
0.0033677944813085415
0.0
0.0
0.0
0.0
0.0
0.0
0.0
0.0
0.0
0.006129385955981545
0.0
0.0
0.0
0.0
3.393106723037805e-19
0.0
0.0
0.0
0.0
0.0
0.0
0.0
0.0
0.0
0.0
0.0
3.393106723037805e-19
0.0
0.0
0.0
0.006062030066355375
-1.6965533615189024e-19
0.0
0.0
0.0
0.0
0.0
0.0
-2.650864627373285e-21
0.0
-1.6965533615189024e-19
0.0
-1.6965533615189024e-19
0.0014818295717757583
0.0
0.0
0.0
3.393106723037805e-19
0.0
0.0
0.0
0.0
0.0
0.0
0.0
0.0
0.0013471177925234166
0.0
0.0
0.0
0.0
0.0
0.0
0.0
0.0
0.0
0.0
0.0
0.0
3.393106723037805e-19
0.0
0.0
0.0
0.0
0.0
0.0
0.0
0.0
0.0
0.0
0.0
0.0
0.0
0.0
0.0
0.0
0.0
0.0
0.0
0.0
0.0
-3.393106723037805e-19
0.00024921679161683206
0.0
0.0
0.0
0.0
0.0
0.0
0.0
0.0
0.0
0.0
0.0
0.0
0.0
0.0
0.0
0.0
0.0
0.0
4.241383403797256e-20
0.0
0.0
0.0
0.0
0.0
0.0
0.0
0.0
0.0
-1.6965533615189024e-19
0.0
-8.482766807594512e-20
0.0
-8.482766807594512e-20
0.0
0.0
0.0
0.0
0.0
0.0
-8.482766807594512e-20
0.0
0.0
0.0
0.0
0.0
0.0009429824547663916
0.0
0.0
0.0
0.0
0.0
0.0
0.0
0.0
0.0
0.0
0.0
0.0
0.0
0.0
0.0
0.0
0.0
0.0
0.0
0.0
0.0
0.0
0.0
0.0001128632410182947
0.0
0.0
0.0
0.0
0.0
0.0
0.0
0.0
0.0
0.0
0.0
0.0
0.00011777033845387272
0.0
0.0
0.0
0.0
0.0
0.0
0.0
0.0
0.0
0.0
0.0
0.0
0.0
0.0
-3.393106723037805e-19
0.0
0.0
0.0018186090199066123
0.0
0.0
0.0
0.0
0.0
0.0
0.0
0.0
0.0
0.0
2.8951874869910377e-05
0.0
0.0
0.0
0.0
0.0
0.0
0.0
0.0
0.0
0.0
0.0
0.0
0.0
0.0
0.0
0.0
0.0
0.0
0.0
0.0
0.0
0.00012267743588945075
-6.78621344607561e-19
0.0
0.0
0.0
0.0
0.0
0.0
0.0
0.0
0.0
0.0
6.869936409809243e-05
0.0
0.0
0.0
0.0
0.0
0.0
0.0
0.0
0.0
0.0
0.0
0.0
0.0
0.0
0.0
0.0
0.0
0.0
0.0
0.0
0.0
0.0
0.0
0.0
0.0
0.0
0.0
0.0
0.0
0.0
0.0
0.0
0.0024248120265421497
0.0
0.0
0.0
0.0
0.0
0.0
0.0
0.0
0.0
0.0
0.0
0.0
0.0
-6.78621344607561e-19
0.0
0.0
0.0
0.0
0.0
0.0
0.0
0.0
0.0
0.0
0.0
0.0
0.0
7.360646153367045e-05
0.0
0.0
0.0
0.0
0.0
0.0
0.0
0.0
0.0
0.0
0.0
0.0
9.323485127598258e-05
0.0
0.0
0.0
0.0
0.0
8.482766807594512e-20
0.0
0.0
0.0
0.0
0.0
0.0
0.0
2.120691701898628e-20
0.0
0.0
0.0
0.0
0.0
0.0
0.0
0.0
0.0
0.0
0.0
0.0
0.0
0.0
6.379226666251439e-05
0.0
0.0
8.342065640482651e-05
0.0
0.0
0.0
0.0
0.0
0.0
0.0
0.0
0.0
0.0
0.0
0.0
0.0
0.0
0.0
0.0
0.0
0.0
0.0
0.0
0.0
0.0
0.0
0.0
0.0
0.0
0.0
0.0016165413510280998
0.00024921679161683206
0.0
0.0
0.0
1.766555076808091e-05
0.0
0.0
0.0
0.0
0.0
-2.650864627373285e-21
0.0
0.0
0.0
0.0014818295717757583
0.00010304904614713864
0.0
0.00036372180398132244
0.001145050123644904
0.002290100247289808
0.0
0.0
0.0026268796954206624
0.0
0.0
0.0
0.0
0.00011450501236449042
0.0
0.0020206766887851248
0.0
0.0
0.0
0.0001962838974231212
0.0
0.0
0.0
0.0
0.0
0.0
0.0
0.0
0.0
0.0
0.0
0.0
0.0
0.0
0.00041760651568225916
0.000161934215374075
0.0
0.0
0.0010776942340187333
0.0
0.00037719298190655665
0.0
0.0
0.0
0.0
0.0
0.0001472129230673409
0.0
0.0
0.0
0.0
0.0003906641598317908
0.0
0.0
0.0
0.0
0.0
0.0004984335832336641
0.0
0.0004984335832336641
0.0
0.0
0.0
0.0
0.0
0.0
0.0
0.000161934215374075
0.0
0.0
0.0
4.90709743557803e-05
0.002290100247289808
0.0
0.0
0.0
0.0
0.00012267743588945075
0.0
0.0
0.0
0.0
0.0
0.00010304904614713864
0.0010776942340187333
0.0
0.0
0.0003098370922803858
0.0010103383443925624
0.0
0.0
0.0
0.0
0.00014230582563176287
0.0
0.0
7.851355896924849e-05
0.0
0.0
0.0
0.0
0.0
0.0
0.0
0.0
0.0
0.0
0.0
0.0
0.0
0.0
0.0002828947364299175
0.00010304904614713864
0.0
0.00012267743588945075
0.0
0.0
0.0005051691721962812
0.0
0.0003098370922803858
0.0
0.0
0.0
0.0
0.0
0.00020880325784112958
0.000161934215374075
0.0
0.0
0.00013739872819618486
0.0
0.0
0.00012758453332502878
0.0008756265651402208
9.81419487115606e-05
0.0012797619028972458
0.0
0.0
0.00010776942340187333
0.0
0.0
0.0
0.0
0.0
0.00016838972406542707
0.0
0.0003435150370934712
0.0
-2.650864627373285e-21
0.00018186090199066122
0.0
0.0
0.0
0.0
0.0
0.0
0.001953320799158954
0.0017512531302804415
0.0
0.001145050123644904
0.00012267743588945075
0.0003435150370934712
0.0
0.0
0.0
0.0
0.0001472129230673409
0.001953320799158954
0.0
0.0
0.0
0.002290100247289808
0.0010103383443925624
0.0
0.0
0.0
0.0
0.0
0.00017512531302804415
0.00041760651568225916
0.0
0.0025595238057944916
0.0008756265651402208
0.00018646970255196515
0.0
0.0
5.888516922693636e-05
0.0
0.0
0.0
0.0016165413510280998
0.0014818295717757583
0.0
0.0
0.0008082706755140499
0.0
0.0
0.0
0.0
0.00037719298190655665
0.0
0.00020880325784112958
0.0
0.0
0.0
0.0
0.0010776942340187333
0.0008756265651402208
0.0017512531302804415
0.0
3.393106723037805e-19
0.0
0.0
0.0
0.0
0.0012124060132710749
0.0
0.0
0.0
0.0
0.0
0.0016165413510280998
0.00041760651568225916
0.0
0.0
0.00013739872819618486
0.0
0.00024248120265421498
0.0
-2.650864627373285e-21
0.0
0.0
0.0
0.0
0.0001128632410182947
0.0
0.002357456136915979
0.0
0.0
0.0
0.00014818295717757582
0.0
0.0012797619028972458
0.0
0.0008756265651402208
0.0
0.0
0.0
0.0
0.0008756265651402208
7.851355896924849e-05
0.0020880325784112955
0.00013739872819618486
0.00012797619028972457
0.0
0.0
0.0
0.0
0.0
0.0
0.0
0.0030310150331776873
0.0
0.0
0.0
0.0
0.0006129385955981545
0.0
0.0
0.0
0.0
0.0
0.0
0.0
2.120691701898628e-20
0.0
0.0
0.0
0.0
0.0
0.0
0.0
0.0
0.0001128632410182947
0.00018186090199066122
0.0012797619028972458
0.0
2.0119099485869922e-05
6.869936409809243e-05
4.661742563799129e-05
0.0009429824547663916
0.0020206766887851248
0.0008082706755140499
0.002290100247289808
0.0024248120265421497
0.004176065156822591
0.000161934215374075
0.00017665550768080908
0.0
0.0
0.0
0.0
0.00017174841024523107
0.0020880325784112955
0.002357456136915979
0.0
0.0
0.0
0.0002626879695420662
0.0
0.0012797619028972458
0.0
0.0
0.0022227443576636374
0.0
0.0
0.0
0.00010304904614713864
0.0
0.0
0.0007409147858878791
0.00011777033845387272
0.0004984335832336641
0.0
0.0
0.0
0.00025516906665005757
0.001953320799158954
0.0
0.00015702711793849698
0.0006129385955981545
0.0008082706755140499
0.00016165413510281
0.0
0.0
0.0
0.00018859649095327832
0.0
0.0
0.0
0.0
0.0
0.0
0.0
0.0
0.0009429824547663916
0.0
0.0
0.0009429824547663916
0.0
0.0004310776936074933
0.0
0.0
0.0
0.0018859649095327832
0.00013249163076060682
0.0
0.0005253759390841324
0.0010776942340187333
0.0
0.00020880325784112958
0.0
5.888516922693636e-05
0.00034349682049046213
0.0
0.0
0.0
0.0
0.0
0.00017174841024523107
0.0001953320799158954
0.0018859649095327832
0.00012758453332502878
0.0
0.00010304904614713864
0.0
0.00041760651568225916
0.0
0.0
0.0
0.0
0.0004984335832336641
0.00042434210464487623
0.0010776942340187333
0.0
0.0
0.0
0.0
0.0
0.00013471177925234167
0.000410870926719642
0.0
0.0
0.00014144736821495874
0.00018646970255196515
0.0
0.0007409147858878791
0.0
0.0
0.0
0.0003839285708691737
0.0024248120265421497
0.0
0.0
0.0
0.0
0.001145050123644904
0.0008082706755140499
0.0
0.0
0.00017174841024523107
0.0018186090199066123
0.0
0.0
0.0
0.0
0.0014144736821495873
0.0
0.0008756265651402208
0.0
0.0
0.00014818295717757582
0.0
0.0008756265651402208
0.00044454887153272746
0.0040413533775702495
0.002290100247289808
0.0007409147858878791
0.0
0.0029636591435515166
0.005792606507850691
0.0016838972406542708
0.0
0.0
0.00044454887153272746
0.0
0.0
0.00013471177925234167
9.323485127598258e-05
0.0
0.0028289473642991747
0.0
7.851355896924849e-05
0.00010776942340187333
0.0
0.001549185461401929
0.0
0.001953320799158954
0.0
0.0010103383443925624
0.0
0.0008082706755140499
0.0
0.0001472129230673409
0.0
0.00014144736821495874
0.0
0.00022081938460101136
0.00017512531302804415
0.0020206766887851248
0.0
0.0
0.0021553884680374667
0.0
0.00018859649095327832
0.00013471177925234167
6.869936409809243e-05
0.0
0.0012124060132710749
6.78621344607561e-19
0.0
0.0012124060132710749
0.0
0.0
0.0001472129230673409
0.0
0.0002357456136915979
0.0
0.00024921679161683206
0.0
0.0028289473642991747
0.0
0.0005994674176729204
0.0
0.001145050123644904
0.0
6.869936409809243e-05
0.0004984335832336641
0.0021553884680374667
0.00010304904614713864
0.00013249163076060682
0.0
0.0
0.005051691721962812
0.0
0.0
9.81419487115606e-05
0.0
0.0012124060132710749
0.00016838972406542707
0.0008756265651402208
0.0007409147858878791
0.0014144736821495873
0.0
0.0
0.00015212002050291894
0.0
3.631252102327743e-05
0.0006196741845607716
0.0001953320799158954
0.0
0.0
0.0
0.0
0.0
0.0
0.0008756265651402208
0.0005253759390841324
0.0
0.002761591474673004
0.0
0.0
0.0
0.0
0.0
0.0
0.000161934215374075
0.0012797619028972458
0.0
0.0
0.0
0.0
0.0
0.0008756265651402208
0.0
0.0016838972406542708
0.0016165413510280998
0.0004714912273831958
0.0
0.0
0.0
2.120691701898628e-20
0.00024921679161683206
0.0017512531302804415
0.0003502506260560883
0.003569862150187054
0.00020609809229427727
0.0
0.0
0.0008756265651402208
0.0005321115280467495
0.0
0.0
0.0006600877183364741
0.0
0.0
0.0
0.0009429824547663916
0.001549185461401929
0.0003502506260560883
0.00042434210464487623
0.0
0.00015702711793849698
0.00012267743588945075
0.0008082706755140499
0.0
0.0
0.0003165726812430029
0.0
0.00013249163076060682
6.668233072990913e-05
0.0
0.0
0.0012797619028972458
0.0
0.0
0.0
0.0
0.0
0.0
0.0
0.0017512531302804415
0.0
0.0
0.0
2.120691701898628e-20
0.001549185461401929
0.0016165413510280998
0.0014818295717757583
0.0
-6.78621344607561e-19
0.00024921679161683206
0.0
0.0
0.0
0.0
0.0
0.0
0.0
0.0
0.0
0.0
0.0
0.0017512531302804415
0.0
0.002357456136915979
0.0
0.0
-5.30172925474657e-21
0.0026268796954206624
0.0
0.0
0.0
0.0
0.0
0.0
0.0
0.0
0.0037719298190655665
0.0
0.0
0.0
0.0
0.0
0.0
0.0
0.0
0.0
0.0008756265651402208
0.0009429824547663916
0.0
0.0
0.0
0.0
0.00015702711793849698
0.0022227443576636374
0.0
0.00014818295717757582
0.0
0.0
0.0
0.00017512531302804415
0.0
0.004243421046448762
0.0
0.0003165726812430029
0.0
0.0006533521293738571
0.0
0.002290100247289808
0.0003165726812430029
0.0
0.00020119099485869924
0.0
0.0
0.0
0.0
0.0
0.0
0.0
0.0029636591435515166
0.0
0.0
-6.78621344607561e-19
0.0
0.0
0.0
0.0
0.0014818295717757583
0.0007409147858878791
0.00016165413510281
0.0
0.0
0.0016165413510280998
0.0
0.0
0.0009429824547663916
0.0
0.0
0.0
0.0
0.0008082706755140499
0.0
0.0014818295717757583
0.00017512531302804415
0.0
0.0010776942340187333
0.00036372180398132244
0.0
0.00014230582563176287
0.00013739872819618486
0.0
0.0010103383443925624
0.0
0.0
0.0
0.001953320799158954
0.0
4.072890871529765e-05
0.0
0.0
0.0
0.0
0.0
0.0005455827059719837
0.0
5.397807179135833e-05
0.0
0.0
0.0
0.0
0.0
0.00020206766887851248
0.0
0.0
0.0016165413510280998
0.0032330827020561996
0.0
2.120691701898628e-20
0.0
4.416387692020227e-05
0.0
0.0
0.0003165726812430029
0.0013471177925234166
0.0018186090199066123
0.0
0.0
0.00020119099485869924
0.0012124060132710749
4.90709743557803e-05
0.00015702711793849698
0.0
0.0
0.00017512531302804415
6.869936409809243e-05
0.002357456136915979
0.0
0.0
0.0
0.0018859649095327832
0.0
0.0003973997487944079
0.0012124060132710749
0.0003435150370934712
0.00013249163076060682
0.0
0.0
0.0
0.0
0.0
0.0
0.00016165413510281
0.0006735588962617083
0.0001815626051163871
0.0
0.0
9.323485127598258e-05
0.00017174841024523107
0.0
0.0010103383443925624
0.002761591474673004
0.0
0.002357456136915979
0.0006735588962617083
0.0
0.0
0.0
0.0009429824547663916
0.0
0.0
0.00010776942340187333
0.0004580200494579616
0.0
0.0
0.0
0.00024248120265421498
8.832775384040454e-05
0.0003973997487944079
0.0010776942340187333
0.0
0.0
0.0
0.0003973997487944079
0.0
0.0
0.0
0.0014144736821495873
0.0
0.0005367489645159417
0.0003165726812430029
0.0
0.00014230582563176287
0.0016165413510280998
0.0
0.00021591228716543332
0.0009429824547663916
0.0
0.00046475563842057874
0.0
0.0
0.00013739872819618486
7.851355896924849e-05
0.0013471177925234166
0.0005455827059719837
0.0
0.0006129385955981545
0.0
0.0014144736821495873
0.0
0.0
0.0008756265651402208
0.0
0.0
0.0
0.0
0.0
0.00010304904614713864
0.0018859649095327832
0.00016684131280965303
0.00045128446049534453
0.0
0.0
0.0010103383443925624
7.851355896924849e-05
0.0
6.78621344607561e-19
0.00017174841024523107
0.0
0.0003839285708691737
0.0
0.0
0.00015212002050291894
5.888516922693636e-05
0.0
0.0
0.0
0.0
0.0
0.0
0.0010776942340187333
0.0
0.0
0.0
0.0007409147858878791
0.00014144736821495874
0.0003165726812430029
0.0
0.0
0.0008082706755140499
0.0
0.005253759390841325
0.0
0.0
0.0003435150370934712
0.0
0.0
0.0
0.00014230582563176287
0.00044454887153272746
0.0012797619028972458
0.0
0.0
0.00032877552818372805
0.0
0.0
6.379226666251439e-05
0.0
0.0
0.0006129385955981545
3.393106723037805e-19
0.0
0.0
0.0
0.0012124060132710749
0.0
0.0002626879695420662
0.0002828947364299175
0.0006600877183364741
7.360646153367045e-05
0.00013249163076060682
0.0
0.006264097735233887
0.0
0.0
0.0
0.002694235585046833
0.0
0.0
0.0006398809514486229
0.0020206766887851248
0.00016838972406542707
0.00022081938460101136
0.0
-6.78621344607561e-19
0.00021553884680374665
0.0
0.0
0.0024921679161683205
0.0
0.0002110051897298553
0.0
0.0025595238057944916
0.0
0.00033677944813085414
4.241383403797256e-20
0.0
0.0005367489645159417
0.003973997487944079
0.0
0.0003031015033177687
0.0007409147858878791
0.0
0.0
0.0
0.0
0.0
0.0
0.0
0.0
0.0
0.00018859649095327832
0.00012758453332502878
0.0
0.0
0.001549185461401929
0.0007409147858878791
4.220103794597106e-05
0.0
0.0017512531302804415
0.0
0.0
0.0
0.0
0.0
0.00025026196921447956
0.00033858972305488407
0.0
0.0
0.0
0.0
0.00016838972406542707
0.0
0.0
0.0
0.0
0.0006668233072990912
0.00012124060132710749
0.0
0.0
0.0
0.0005186403501215153
0.0018186090199066123
0.0
0.00042434210464487623
0.0
0.0
0.001549185461401929
0.0
0.0
0.0
0.003502506260560883
0.0
0.0
0.0
0.0006668233072990912
0.0003973997487944079
0.0
0.0002993329435702598
0.0
0.00016838972406542707
-2.650864627373285e-21
0.0
2.120691701898628e-20
0.0
0.0
0.0
0.0
0.0
0.0
0.0007409147858878791
0.0
0.0
0.0
0.0
0.0
1.0304904614713863e-05
2.5026196921447953e-05
0.0
0.0
2.4044777434332347e-05
0.0
0.0
0.0
0.0
0.0
0.0
0.0
0.0
0.0
0.0
0.0
0.0
0.0
0.0
0.0
0.0
0.0
0.0
0.0
0.0
0.0
0.0
0.0
0.0
0.0
0.0
0.0
0.0
0.0
0.0
0.0
0.0
0.0
0.0
0.0
0.0
0.0
0.0
0.0
0.0
0.0
0.0
0.0
0.00013739872819618486
0.0
0.0
0.0
0.0
0.0
0.0
0.0
0.0013471177925234166
0.0
0.0
0.0
0.0
0.0
0.0
0.0
0.0
-1.6965533615189024e-19
0.0
0.0
0.0
0.0
0.0
0.0
0.0006735588962617083
0.0
0.0
0.0
0.0
0.0
0.0
0.0
0.0
0.0
0.0
0.0
0.0
0.0
0.0014818295717757583
0.0
0.0
0.001145050123644904
0.0
0.0
0.0
0.0
0.0
0.0
0.0
2.1100518972985532e-05
0.0
0.0
0.0
0.0
0.0
0.0
1.913767999875432e-05
0.0
0.0
0.0028289473642991747
0.0
0.0
0.0
0.0
0.0
0.0
0.0
0.0
0.0
0.0
0.0
1.1286324101829469e-05
0.0
0.0
0.0
0.0014144736821495873
0.0
0.00017174841024523107
0.0
0.0
0.0
0.0
0.0
0.0
-6.78621344607561e-19
0.0
0.0
0.0
0.0
1.472129230673409e-05
0.0
-1.6965533615189024e-19
2.120691701898628e-20
0.0
0.0
0.0025595238057944916
0.0
0.00014144736821495874
0.00014818295717757582
0.0
0.0
0.0010103383443925624
0.0
0.0
2.7479745639236968e-05
0.0
0.0
0.0
0.0
0.0
0.0
0.0
0.0
0.001145050123644904
0.00015702711793849698
0.00015702711793849698
0.0
0.0
0.00012797619028972457
0.0
0.0014144736821495873
0.0
0.0008082706755140499
0.0
0.0
0.0
0.0
0.0
0.0
1.8646970255196516e-05
0.0005186403501215153
0.0
0.0
0.0
0.0007409147858878791
0.0
0.0
0.0
0.0008756265651402208
0.0
0.0004108709267196421
0.0
0.0
0.0
0.0
0.0
0.0
0.0
0.0
0.0
0.0010103383443925624
0.0
0.0
0.0
4.661742563799129e-05
9.323485127598258e-05
0.0
0.0
0.0
2.120691701898628e-20
0.0
0.0
8.832775384040454e-05
0.0
0.0
3.393106723037805e-19
0.0
0.0
0.0
0.0
0.0
0.0
0.0
0.0001472129230673409
0.0
0.0
0.0
0.0
0.0
0.0
0.00014230582563176287
0.0
0.00026942355850468334
0.0
0.0
0.0
0.0
0.0
0.0
0.0
0.0
0.0
0.0
0.0010103383443925624
0.0014818295717757583
0.0
0.0
0.0
0.0
0.0
0.0010776942340187333
0.0
0.0008082706755140499
0.0
0.0
0.0
0.0
6.129385955981545e-05
0.0
0.0
0.0010776942340187333
0.0007409147858878791
0.0
0.0
0.0
0.0
0.0012124060132710749
0.00015702711793849698
0.003906641598317908
0.0
5.888516922693636e-05
0.00015212002050291894
0.0012124060132710749
8.832775384040454e-05
0.0
0.0
0.0
0.0008082706755140499
1.060345850949314e-20
0.0
0.0013471177925234166
0.0
0.0
0.0013471177925234166
0.0
0.0
0.001145050123644904
0.0
0.0
0.0
8.342065640482651e-05
0.0
0.0
8.756265651402207e-05
7.851355896924849e-05
0.0
0.0
0.0
0.0
0.0
0.0001128632410182947
0.0002828947364299175
6.735588962617083e-05
0.0005590538838972179
0.00012758453332502878
0.0004580200494579616
0.0
9.323485127598258e-05
2.120691701898628e-20
0.0
0.0
2.120691701898628e-20
0.0
2.2572648203658938e-05
0.000572525061822452
0.0
0.0
0.0
0.0001128632410182947
0.0
0.0
0.0
0.0
0.0
6.379226666251439e-05
0.0007409147858878791
0.001953320799158954
0.0
0.0014144736821495873
0.0
0.0
0.0
0.0
0.0001128632410182947
0.0
0.0013471177925234166
0.0018186090199066123
1.8646970255196516e-05
0.0
0.0018186090199066123
0.0
0.00020119099485869924
0.0008082706755140499
0.0
1.2267743588945075e-05
0.0
0.001953320799158954
0.0
0.0
0.0
0.0
0.0018186090199066123
0.0
0.0020206766887851248
0.0002357456136915979
8.342065640482651e-05
0.00021553884680374665
0.0
0.0
0.0
0.0
0.00011777033845387272
0.0001815626051163871
0.0
0.0
9.323485127598258e-05
0.0018859649095327832
0.0
0.0
0.0014144736821495873
0.0002828947364299175
0.0001128632410182947
0.0030310150331776873
0.0
1.5212002050291893e-05
0.0
0.001145050123644904
9.81419487115606e-05
0.0
0.0
0.0002357456136915979
0.0
0.0004714912273831958
0.0010103383443925624
0.0
0.00020609809229427727
0.0024921679161683205
0.0
0.0
0.0
0.0002257264820365894
0.00016165413510281
0.001953320799158954
0.0002747974563923697
0.0
0.0
0.00018859649095327832
0.00013471177925234167
9.81419487115606e-05
0.0006735588962617083
0.0
0.0010776942340187333
5.397807179135833e-05
0.0008082706755140499
0.0
0.0
9.323485127598258e-05
0.0
0.0
0.00024248120265421498
0.0
0.00012124060132710749
0.00021553884680374665
0.0
0.00032877552818372805
0.0002357456136915979
0.0
0.0
0.0
0.0
0.0
0.0
-1.6965533615189024e-19
0.0
0.0008756265651402208
3.393106723037805e-19
0.0
0.0013471177925234166
0.0
0.00011777033845387272
0.0
0.00024248120265421498
0.0009429824547663916
0.0003031015033177687
0.0014818295717757583
0.0
0.0005186403501215153
0.0018859649095327832
0.0009429824547663916
2.120691701898628e-20
0.0
0.00016684131280965303
6.379226666251439e-05
0.00021553884680374665
5.888516922693636e-05
0.0008082706755140499
6.869936409809243e-05
0.0
7.360646153367045e-05
0.0018859649095327832
6.379226666251439e-05
0.000565789472859835
0.00036372180398132244
0.00033368262561930606
0.0005119047611588983
0.0
0.0
0.0
-1.6965533615189024e-19
0.0
0.0002828947364299175
0.0018859649095327832
0.0018859649095327832
0.0005051691721962812
0.0
0.0
0.0
0.0003839285708691737
0.0
0.0006398809514486229
0.0
0.0020880325784112955
0.0
0.0008756265651402208
0.00046475563842057874
0.0
0.0
0.0010776942340187333
0.0005792606507850691
3.393106723037805e-19
0.0
0.0
0.0
0.0002761591474673004
0.0
8.832775384040454e-05
0.000410870926719642
0.0001472129230673409
0.0018859649095327832
0.0007409147858878791
0.00021553884680374665
0.0005119047611588983
0.0
0.00021553884680374665
0.0
0.0020206766887851248
0.0
0.0
0.0
0.00040413533775702495
0.0
0.0
0.0008756265651402208
0.0
0.0
0.0
0.00024248120265421498
0.0
0.0017512531302804415
0.0
0.0
0.0008082706755140499
0.0008756265651402208
0.0
0.00013739872819618486
0.00015212002050291894
0.0
9.81419487115606e-05
0.0
0.0001815626051163871
0.0013471177925234166
0.0
4.5145296407317875e-05
0.0
7.851355896924849e-05
0.00012797619028972457
0.0012124060132710749
0.0008082706755140499
0.0
0.0
4.241383403797256e-20
0.0002895187486991038
0.0
0.0
0.0008082706755140499
0.0010103383443925624
0.0
0.00024044777434332348
0.00018646970255196515
0.0012124060132710749
0.0
0.00016165413510281
0.0008756265651402208
0.00020609809229427727
0.0
0.00014818295717757582
0.0007409147858878791
0.00020119099485869924
0.0
0.0
0.0
0.0018186090199066123
0.00022081938460101136
0.0
0.00010795614358271666
0.0
0.001145050123644904
0.0
0.0
0.001145050123644904
0.0
0.0
0.0
0.0
0.0
0.0
0.0
0.0
0.0
0.0
0.0
0.0
0.0
0.0
0.0
0.0
0.0
0.0
0.0
0.00010795614358271666
0.0
1.2267743588945075e-05
2.1100518972985532e-05
2.2572648203658938e-05
0.0
0.0
0.0
0.0
0.0
0.0
0.0
0.0
2.120691701898628e-20
0.0
0.0
0.0
0.0
0.0
0.0
0.0
0.0
0.0
0.0
0.0
0.0
0.0
0.0
0.0
0.0
0.0
0.0
0.0
0.0
0.0
0.0
0.0
0.0
0.0
0.0
0.0
0.0
0.0
2.120691701898628e-20
0.0
0.0022227443576636374
0.0
0.0
0.0
0.002761591474673004
0.0
0.0
0.0
4.90709743557803e-05
0.0
0.0006331453624860058
0.0
0.0003839285708691737
6.78621344607561e-19
9.323485127598258e-05
0.0
0.0
0.0
0.0
0.0
0.0003906641598317908
0.0
0.0
0.0
0.0
0.0
2.2081938460101135e-05
0.0
0.0
0.0
0.0
0.0
0.0
0.0
0.0
0.0
0.0
0.0
0.0
0.0
0.0
0.00013249163076060682
0.0
0.0
0.0
0.0
0.0
0.0
0.0
0.0
0.0
0.0
0.0
0.0
0.0
0.0
0.0
0.0
0.0
0.0
0.0
0.0
0.0002110051897298553
0.0
0.0
0.0
0.0
0.0
0.0
0.0
0.0
0.0
0.0
0.0
0.0
2.2572648203658938e-05
0.0
0.0
0.0
0.0
0.0
0.0
0.0
0.0
0.0
0.0
0.0
0.0
0.0
0.0
2.453548717789015e-05
-1.3254323136866425e-21
0.0
0.0
0.0
0.0
0.0
0.0
2.120691701898628e-20
0.0
0.0
0.0
0.0
0.0
0.0
0.0
0.0
0.0
0.0
0.0
0.0
0.0
0.0
0.0
0.0
0.0
0.0
0.0
0.0
0.0
0.0
0.0
0.0
0.0
0.0
0.0
0.0
0.0
0.0
0.0
0.0
0.0
0.0
0.0
0.0
0.0
0.0
0.0
0.0
0.0
0.0
0.0
0.0
0.0
0.0
0.0
0.0
0.0
1.060345850949314e-20
0.0
0.0
0.0
0.0
1.060345850949314e-20
0.0
0.0
0.0
0.0
0.0
0.0
0.0
0.0
0.0
0.0
0.0
0.0
0.0
0.0
0.0
0.0
0.0
0.0
0.0
0.0
0.0
0.0
0.0
0.0
0.0
0.0
0.0
0.0
0.0
0.00012797619028972457
0.0
0.0
0.0
0.0
0.0
0.0
0.0
0.0
0.00020119099485869924
0.0
0.0014818295717757583
0.0
0.0
0.0
0.0
0.0
0.0
0.0
0.0
0.0
0.0
0.0018859649095327832
0.0
0.0
0.0
0.0
0.0
2.600761640856356e-05
0.0
0.0
0.0
0.0
0.0
0.0
0.0
0.0
0.0
0.0
0.0
0.0
0.0
0.0
0.0
0.0
0.0
0.0
0.0
0.0
0.0
0.0
0.0
0.0
0.0
0.0
0.0
5.30172925474657e-21
1.060345850949314e-20
0.0024921679161683205
0.0
0.0
0.0
0.0
0.0
0.0022227443576636374
0.0
0.0
0.0
0.0
0.0
0.0
0.0
0.0
0.0
0.0
0.0
0.0016165413510280998
0.0
0.0029636591435515166
0.0
0.0
0.0
0.0
0.0
0.0
0.0
0.0
0.0
0.0
0.0
0.0
0.0
3.631252102327743e-05
0.0004378132825701104
0.0
0.0
0.0
0.0
0.0
0.0
0.0
0.0
0.00016838972406542707
0.0
0.0
0.0
0.0
0.0
0.0
0.0
2.120691701898628e-20
0.0
0.0
0.0
0.0
0.0
0.0
0.0
0.0
-6.78621344607561e-19
0.0
0.0
0.0
0.0
0.0
0.0
0.0
0.0
0.0
0.0
0.0
0.0
0.0
0.0
0.0
0.0
0.0
0.0
0.0
0.0
0.0
0.0
0.0
0.00044454887153272746
0.0
0.0
0.0
0.0
0.0
0.0
0.0
0.0
1.060345850949314e-20
-8.482766807594512e-20
0.0
2.4044777434332347e-05
0.00037719298190655665
0.0
0.0
8.832775384040454e-05
0.0
0.0006264097735233887
0.00012758453332502878
0.0
0.0
0.0
0.00013471177925234167
0.0005590538838972179
0.0
0.00022081938460101136
0.00016684131280965303
0.0
0.0008756265651402208
0.001145050123644904
0.0
0.0008082706755140499
0.0005186403501215153
8.342065640482651e-05
0.0013471177925234166
-1.6965533615189024e-19
0.0006735588962617083
0.000565789472859835
-1.6965533615189024e-19
0.00022227443576636373
0.0
7.409147858878791e-05
0.0010776942340187333
0.0008082706755140499
0.0020880325784112955
0.000565789472859835
0.0
0.0005388471170093667
0.0003435150370934712
0.00018186090199066122
0.0
0.0014144736821495873
0.0
0.0010776942340187333
0.0
0.0
0.00024248120265421498
0.00017512531302804415
0.0
0.0004310776936074933
0.0
0.0
0.00035698621501870537
0.0001472129230673409
0.00046475563842057874
2.453548717789015e-05
0.0012124060132710749
0.000161934215374075
0.0
0.0
0.00035698621501870537
0.00044454887153272746
0.0
0.0
9.323485127598258e-05
0.0008756265651402208
0.0014144736821495873
0.0
0.0003435150370934712
0.0
0.0004378132825701104
0.0014818295717757583
0.0
0.0
0.0
0.0014144736821495873
0.00015702711793849698
0.001145050123644904
0.0014818295717757583
0.00010304904614713864
0.0012124060132710749
0.0
0.0
0.0
-1.6965533615189024e-19
0.0
8.342065640482651e-05
0.0
0.005523182949346008
0.001953320799158954
0.0074091478588787915
0.0008082706755140499
0.0020880325784112955
0.0006735588962617083
0.0
0.0
0.00017174841024523107
0.00020206766887851248
0.0014144736821495873
0.00042434210464487623
0.0
0.0034351503709347123
0.00017512531302804415
0.0006264097735233887
-1.6965533615189024e-19
0.0012124060132710749
3.393106723037805e-19
0.00016684131280965303
0.0
0.0
0.0001128632410182947
0.0
0.0
0.0
0.00014818295717757582
0.0001128632410182947
7.851355896924849e-05
0.0
0.0
0.0001953320799158954
0.000410870926719642
0.005388471170093666
0.0
0.0
0.0
0.0
0.0
0.00016838972406542707
0.00010795614358271666
0.0
0.001145050123644904
0.0005792606507850691
0.00014230582563176287
0.0
0.0
0.0020206766887851248
0.0008756265651402208
0.0002828947364299175
0.0
0.0006331453624860058
0.0
0.0004714912273831958
0.0
0.0
0.0
0.0
0.0008082706755140499
0.0005119047611588983
0.00012758453332502878
0.0
0.006735588962617083
0.0010103383443925624
8.756265651402207e-05
7.360646153367045e-05
0.0
0.0012124060132710749
9.323485127598258e-05
2.120691701898628e-20
0.0013471177925234166
0.0018186090199066123
0.00032330827020562
2.8461165126352574e-05
2.120691701898628e-20
0.00017174841024523107
0.0
0.0
0.00016838972406542707
1.5212002050291893e-05
0.0
0.0
0.0
0.0018186090199066123
0.0
0.0006735588962617083
0.0
0.0
3.393106723037805e-19
0.00010304904614713864
0.0
0.0
0.0
0.0
0.0
0.0001913767999875432
0.00020880325784112958
0.0
0.0001128632410182947
9.323485127598258e-05
0.00042434210464487623
0.000572525061822452
1.4230582563176287e-05
0.0013471177925234166
0.00040413533775702495
0.00010795614358271666
6.869936409809243e-05
0.0
0.001953320799158954
0.0013471177925234166
0.0
0.0
0.0006196741845607716
0.0
0.0014818295717757583
0.00033004385916823707
0.0
0.0
0.00037719298190655665
0.0008082706755140499
0.00015702711793849698
0.0
0.0005388471170093667
0.0004378132825701104
0.0010103383443925624
0.0003973997487944079
0.0
3.393106723037805e-19
5.888516922693636e-05
0.0
0.0
0.0
0.00042434210464487623
0.0
0.0
2.159122871654333e-05
0.00021553884680374665
0.0
0.0018859649095327832
0.0006062030066355374
0.0
0.0003502506260560883
0.00064661654041124
1.5212002050291893e-05
0.0
0.001953320799158954
0.001145050123644904
0.0
0.0004378132825701104
0.0009429824547663916
0.0
0.0
0.001549185461401929
0.0001815626051163871
0.0
0.0003839285708691737
0.0006196741845607716
0.0
0.0
0.0
0.0
0.0
0.0
0.00020206766887851248
0.0
0.0
0.0
0.006466165404112399
0.0
0.00018859649095327832
0.0013471177925234166
0.0
0.0
0.001145050123644904
0.0005994674176729204
0.0
0.00022227443576636373
0.0
1.5212002050291893e-05
0.0010103383443925624
0.0
0.001953320799158954
0.00020206766887851248
0.0001128632410182947
0.0005927318287103033
0.0
0.0
0.0
0.001953320799158954
0.0006735588962617083
0.0006129385955981545
0.0006379226666251439
0.0
0.00035331101536161815
0.0
0.0
0.0010103383443925624
0.0
6.379226666251439e-05
1.8156260511638713e-05
0.0
0.005657894728598349
1.472129230673409e-05
0.0
0.0
0.00017174841024523107
0.0
0.0010776942340187333
4.661742563799129e-05
0.00029636591435515164
0.0010776942340187333
0.0
0.0
0.0
0.0
0.0
0.00020880325784112958
0.0006600877183364741
0.0010776942340187333
0.0
0.0005859962397476862
4.710813538154909e-05
0.0
0.00010776942340187333
2.120691701898628e-20
0.0
0.00012124060132710749
0.0009429824547663916
0.0007409147858878791
0.00028963032539253456
8.832775384040454e-05
0.0008082706755140499
0.0005253759390841324
0.0020880325784112955
0.0
1.4230582563176287e-05
0.0006735588962617083
-1.6965533615189024e-19
0.0
0.0006398809514486229
0.0
0.0002290100247289808
0.0
0.0
0.0
0.0006264097735233887
0.0014144736821495873
0.0
0.0006735588962617083
0.00025516906665005757
0.0
0.0
0.0013471177925234166
0.001549185461401929
0.00026942355850468334
0.00017665550768080908
0.0009429824547663916
0.0
0.0
0.00015702711793849698
0.0
0.0008756265651402208
0.00033004385916823707
0.00024921679161683206
0.0010103383443925624
0.0002110051897298553
0.0014818295717757583
0.0
0.00014818295717757582
0.0
0.0
0.0
5.888516922693636e-05
0.0
0.00016838972406542707
0.00022227443576636373
0.00017665550768080908
0.0014818295717757583
0.0
0.0
2.0119099485869922e-05
0.0
0.0
0.0
0.0006264097735233887
0.0010776942340187333
0.0010103383443925624
0.0
0.0
0.0
0.0
2.6498326152121362e-05
-1.6965533615189024e-19
0.0
0.0
0.0
0.0012124060132710749
0.0
0.0
0.0
0.0003098370922803858
0.0013471177925234166
0.0
5.888516922693636e-05
0.0
0.0014818295717757583
0.0
8.342065640482651e-05
1.913767999875432e-05
0.0
0.0008756265651402208
4.5145296407317875e-05
0.0
0.0
0.0
0.0008756265651402208
-6.78621344607561e-19
0.0014144736821495873
0.001145050123644904
8.832775384040454e-05
0.0010776942340187333
4.5145296407317875e-05
0.0
8.342065640482651e-05
0.0
0.0001128632410182947
0.0010776942340187333
0.0
9.323485127598258e-05
0.0
0.0008082706755140499
0.0
0.0
0.0
0.001145050123644904
0.0
0.0
0.0
0.0
0.0
0.0
0.0
0.0
0.0010776942340187333
0.0
0.0
0.0
0.0
0.0
0.0
0.0
0.0
0.0
0.0
0.0
0.0
0.001549185461401929
0.0
0.0008756265651402208
0.0
0.0
0.0
0.0
0.0
0.0
0.0
0.0
0.0
0.0
0.0
0.0
0.0
5.888516922693636e-05
0.0
6.869936409809243e-05
0.0
0.0
0.0
0.006735588962617083
0.0003973997487944079
0.0
9.81419487115606e-05
0.0
7.851355896924849e-05
0.0
0.0
2.6498326152121362e-05
0.0
0.0
0.0001472129230673409
0.0
0.0
0.0
0.0
0.00026989035895679165
7.851355896924849e-05
0.0002290100247289808
0.0
2.120691701898628e-20
0.0
0.0012124060132710749
6.78621344607561e-19
0.00012758453332502878
0.00046475563842057874
0.0
0.00012267743588945075
0.0003098370922803858
0.0
0.0054558270597198375
0.0
0.0
0.00029636591435515164
0.00014230582563176287
0.0
1.5212002050291893e-05
0.0
0.00014144736821495874
0.0
0.0
0.0
0.0
0.0
0.0
0.0
0.0
0.00033677944813085414
0.0
0.005388471170093666
6.379226666251439e-05
0.0012124060132710749
9.323485127598258e-05
0.00028963032539253456
0.0
0.0016838972406542708
0.0008756265651402208
0.0005186403501215153
0.0002290100247289808
0.0008756265651402208
1.5212002050291893e-05
9.323485127598258e-05
0.0012124060132710749
0.0010776942340187333
0.0014818295717757583
0.0
0.00016838972406542707
0.0
0.0
9.323485127598258e-05
0.0
6.869936409809243e-05
0.00012124060132710749
0.0
0.0
0.00011450501236449042
0.0005186403501215153
0.0
0.00024248120265421498
5.397807179135833e-05
0.00018859649095327832
0.00010304904614713864
0.0
5.888516922693636e-05
0.001549185461401929
0.0014818295717757583
0.0
0.0
0.0
0.0016838972406542708
0.0007409147858878791
0.0016165413510280998
0.0
6.869936409809243e-05
0.0005523182949346008
0.0009429824547663916
0.0
0.00018646970255196515
9.323485127598258e-05
6.379226666251439e-05
0.0014144736821495873
0.0
0.0009429824547663916
0.00014818295717757582
0.0
0.0
0.0006062030066355374
0.0016165413510280998
0.0
0.00015702711793849698
0.00018186090199066122
0.0006196741845607716
0.0003906641598317908
0.0
2.6989035895679165e-05
0.0
0.00013739872819618486
9.323485127598258e-05
0.0
9.81419487115606e-05
0.00025026196921447956
0.0002828947364299175
0.001549185461401929
0.0
9.429824547663916e-05
8.342065640482651e-05
0.0020880325784112955
0.0
0.00018646970255196515
3.582181127971962e-05
0.0016838972406542708
0.0008756265651402208
0.00037719298190655665
4.90709743557803e-05
0.0009429824547663916
0.0
0.0007409147858878791
0.0003165726812430029
3.393106723037805e-19
0.00036372180398132244
6.379226666251439e-05
0.0003839285708691737
0.0016838972406542708
2.5516906665005756e-05
2.120691701898628e-20
0.0016838972406542708
0.0008082706755140499
0.00044454887153272746
0.0
0.00015702711793849698
0.0
0.0
0.0
0.005927318287103033
0.0
0.0007409147858878791
0.0
0.001549185461401929
0.0
0.0
0.0004378132825701104
0.0
0.0
4.661742563799129e-05
0.0029636591435515166
0.0014144736821495873
0.00012758453332502878
0.0
0.0017512531302804415
0.0
0.001549185461401929
0.0
0.0
0.0004378132825701104
0.0
0.0012124060132710749
0.0
0.00010795614358271666
0.0
0.0
0.0009429824547663916
0.00014144736821495874
0.00026942355850468334
0.00012758453332502878
0.0012124060132710749
0.00015212002050291894
0.0014818295717757583
0.0002110051897298553
0.0004378132825701104
0.0010776942340187333
0.0
0.0
0.0
0.0
0.0
0.0
2.8461165126352574e-05
0.0
0.0
0.0002453548717789015
4.612671589443348e-05
0.0003906641598317908
0.00014818295717757582
0.0
0.0013471177925234166
0.0009429824547663916
0.0007409147858878791
0.0002600761640856356
0.0
0.0006600877183364741
0.0
0.0020880325784112955
0.0
0.0005388471170093667
0.0002357456136915979
-1.6965533615189024e-19
0.0004310776936074933
0.00029636591435515164
0.0012124060132710749
0.0
0.0
0.00041760651568225916
5.888516922693636e-05
0.0
2.2572648203658938e-05
0.0
0.0
0.0
6.869936409809243e-05
0.00020880325784112958
0.00032330827020562
0.001549185461401929
0.0
0.0003098370922803858
0.0016838972406542708
4.661742563799129e-05
0.00017174841024523107
0.001953320799158954
0.0013471177925234166
0.0010103383443925624
2.2081938460101138e-05
0.0
0.0
0.0
0.0009429824547663916
0.0013471177925234166
0.00012267743588945075
0.0
0.0009429824547663916
0.00013739872819618486
0.0
1.0795614358271666e-05
0.00012758453332502878
0.001549185461401929
0.0
0.00023554067690774544
0.00024921679161683206
0.0
0.0
0.0017512531302804415
0.0006668233072990912
0.0
0.0018859649095327832
0.010103383443925624
0.000572525061822452
6.869936409809243e-05
0.00025595238057944913
0.00013739872819618486
0.0002257264820365894
0.0
0.006735588962617083
0.0012124060132710749
0.00014230582563176287
0.0
0.0
0.00040413533775702495
6.869936409809243e-05
0.005523182949346008
0.0003973997487944079
6.869936409809243e-05
0.0
0.008082706755140499
0.0
2.120691701898628e-20
8.342065640482651e-05
0.0010776942340187333
0.0
0.00029636591435515164
0.0016165413510280998
0.0008082706755140499
0.0
0.0
0.00064661654041124
0.0
0.0
0.0014144736821495873
8.342065640482651e-05
0.0003973997487944079
0.001145050123644904
0.00010795614358271666
0.0
0.0
0.00015702711793849698
0.0
0.000410870926719642
0.0017512531302804415
0.0016838972406542708
0.0006600877183364741
0.0
0.00018859649095327832
0.0
0.00018859649095327832
0.0014144736821495873
3.393106723037805e-19
0.0
0.0
0.0018859649095327832
0.0009429824547663916
7.851355896924849e-05
0.0
6.869936409809243e-05
0.0
0.00014818295717757582
0.00012124060132710749
0.0
8.342065640482651e-05
0.0001953320799158954
0.00024921679161683206
8.0827067551405e-05
0.00013471177925234167
0.0013471177925234166
0.0017512531302804415
0.0
0.0
8.342065640482651e-05
0.0016165413510280998
0.00012758453332502878
0.0006264097735233887
0.0017512531302804415
0.0
0.0007409147858878791
0.0
0.0003098370922803858
0.0
0.0010776942340187333
0.0
4.661742563799129e-05
0.0003031015033177687
0.0017512531302804415
0.0
0.0
0.0
0.0
0.0016165413510280998
0.0002828947364299175
0.0
0.001145050123644904
0.000161934215374075
0.0
8.342065640482651e-05
1.8156260511638713e-05
0.0057252506182245205
0.00041760651568225916
2.120691701898628e-20
0.00046475563842057874
0.0001128632410182947
7.360646153367045e-05
0.0002828947364299175
0.008756265651402207
0.0002600761640856356
0.0
0.00017174841024523107
0.0
0.0
0.0009429824547663916
0.0
0.0005321115280467495
0.0
0.0
0.0
0.0
5.888516922693636e-05
0.0003839285708691737
0.0
1.1777033845387272e-05
0.0012124060132710749
0.0005994674176729204
0.0020880325784112955
0.0
0.0
0.0
0.0
0.001953320799158954
0.0018186090199066123
0.00032330827020562
0.0
0.00032330827020562
0.0
0.0014144736821495873
0.0009429824547663916
0.0
0.00036372180398132244
0.00012797619028972457
0.00020206766887851248
0.0009429824547663916
0.0
0.0018186090199066123
0.0013471177925234166
2.120691701898628e-20
0.0008082706755140499
7.851355896924849e-05
0.00010776942340187333
0.0001815626051163871
0.0
0.0018186090199066123
0.00014230582563176287
0.0014818295717757583
0.0002747974563923697
5.397807179135833e-05
0.0
0.001549185461401929
0.0006062030066355374
0.0
7.851355896924849e-05
0.00026942355850468334
0.0
0.0020880325784112955
0.0012124060132710749
0.0
0.0005994674176729204
0.0005523182949346008
0.0001128632410182947
0.0
9.81419487115606e-05
0.0
0.0
0.00041760651568225916
0.0
0.0
0.0
0.00035698621501870537
6.379226666251439e-05
0.0
0.00042434210464487623
0.0
0.00044454887153272746
0.0008082706755140499
0.0
0.0
0.0004378132825701104
0.0
0.00020206766887851248
0.0
0.0003165726812430029
0.001549185461401929
0.0008756265651402208
0.00046475563842057874
0.0
0.0
0.0002110051897298553
0.0
0.0
0.0
0.0
0.0003435150370934712
0.0013471177925234166
1.4230582563176287e-05
0.00020206766887851248
9.323485127598258e-05
0.0
0.0054558270597198375
0.0002828947364299175
3.393106723037805e-19
0.0013471177925234166
0.0016838972406542708
-1.6965533615189024e-19
0.0
0.001549185461401929
5.888516922693636e-05
0.0
0.00017174841024523107
0.00015702711793849698
0.0
0.0
0.0010103383443925624
8.342065640482651e-05
2.8461165126352574e-05
8.832775384040454e-05
0.0
0.0014144736821495873
8.756265651402207e-05
0.0
0.0
0.0
0.0007409147858878791
0.002761591474673004
0.0
0.0003031015033177687
0.0
0.00013739872819618486
0.00013249163076060682
0.0001472129230673409
0.00020206766887851248
0.0009429824547663916
0.0
0.0
0.0
0.0
0.0024248120265421497
0.00018186090199066122
0.001953320799158954
0.0
0.00024248120265421498
0.0022227443576636374
