9.841362192598706e-05
0.0
0.0
0.0
0.0
0.00020776209073263937
0.0
0.00035272111889358797
0.0
0.0
0.0
0.0
0.00013121816256798276
9.294619848565445e-05
0.003076928909497257
0.0
0.0
0.0
0.0024015054903393225
9.294619848565445e-05
0.0018761761643275956
0.0
0.0
0.0001749575500906437
7.504704657310383e-05
0.0
0.0
0.0
0.0
0.0
9.294619848565445e-05
0.0
0.0
0.0
0.0
0.0
0.0
0.0
0.0
0.0
0.0014126844938954378
0.0
0.0
0.0
0.0
0.0
0.000450282279438623
0.0
0.0
0.0
0.0
0.0
0.0002186969376133046
0.0
0.0
0.0
0.0
0.0
0.0
0.0
0.0
0.0
0.0
0.0
0.0
0.0
0.0
0.0
0.0
0.0
0.0
0.0
0.00048780580272517486
0.0
2.1322951417297197e-05
0.0015759879780351805
0.0
0.0
0.0001093484688066523
0.0
0.0
0.00022416436105363721
0.0
0.0
0.0
0.0005328340306690372
0.0
0.0009756116054503497
0.0
0.0008255175123041421
1.8902774477823064e-19
0.000900564558877246
0.0
0.0
0.0
0.0
0.00019682724385197413
0.00033771170957896723
0.0
0.0
0.0
0.0007129469424444864
0.0
0.0009756116054503497
0.0024015054903393225
0.0
0.0
0.002251411397193115
0.00024015054903393226
0.000570357553955589
0.0
0.0002952408657779612
0.0
0.0
0.0
0.0
0.0
0.0
0.0006003763725848306
0.0012007527451696612
0.0004202634608093814
0.00020262702574738034
0.0001726082071181388
0.00015308785632931322
0.00027883859545696336
0.0008255175123041421
0.0
0.0
0.0
0.0
0.0
0.0
0.0
0.0
0.0
0.0
0.0015009409314620766
0.0008255175123041421
0.0
0.0
0.0
0.0
0.0
0.0
0.0
0.0
0.0
0.0
0.0
0.00036022582355089836
0.0
0.0
0.0
0.0
0.0
0.0
0.0005778622586128995
0.0
0.0
0.0
0.0
0.0
0.0
0.0
0.0
0.0
0.0
0.0
0.0
0.0
0.0
0.0
0.0
0.0
0.0
0.0
0.0
0.0
0.0
0.0
0.0
0.0
0.0
0.0
0.0
0.0
0.0
0.0
0.0
0.0
0.0
0.0
0.0
0.0
0.0
0.0001093484688066523
0.0
0.00048780580272517486
0.0
0.0
0.0
9.294619848565445e-05
0.0005928716679275203
0.0
0.0
0.0
0.0
0.0
0.0
0.0
0.0
0.0
0.0
0.0
0.0
0.0
0.0
0.0
0.0
0.00255159958348553
0.00015009409314620766
0.0
0.0
0.0
0.0
0.0004277681654666918
1.8902774477823064e-19
0.0
0.0005253293260117268
0.0
0.0
0.0
0.0
0.0
0.0
0.0
0.0
0.0
0.0
0.0
0.0
0.0
0.0
0.0
0.002176364350620011
0.0
0.0
0.0
0.003752352328655191
0.0
0.0
0.0
0.0
0.0
0.0
0.0
0.0
0.0
0.006829281238152449
0.00016949012665031107
0.002176364350620011
0.0008255175123041421
0.0002515014782553003
0.0024765525369124263
0.001350846838315869
5.467423440332615e-05
0.00016949012665031107
0.002251411397193115
0.0
0.00255159958348553
0.0012007527451696612
0.0
0.0011257056985965574
0.0020239598241795606
0.0
0.0024765525369124263
0.0018011291177544918
0.0
7.654392816465661e-05
0.006754234191579344
0.0014258938848889728
0.0018011291177544918
0.0014258938848889728
0.000412758756152071
0.0
0.002101317304046907
0.0003076928909497257
-2.9535585121598538e-21
0.0
0.0014258938848889728
0.0018761761643275956
0.0014258938848889728
0.0016510350246082843
0.0
0.00045028227943862294
0.0018761761643275956
0.0024765525369124263
0.003302070049216568
0.0
0.0009756116054503497
0.0001148158922469849
0.0
5.703575539555891e-05
0.0027767407232048417
0.0
0.0015009409314620766
0.00017495755009064366
0.0001148158922469849
0.0011257056985965574
0.00019512232109006994
0.0
0.0
0.0018011291177544918
0.0
0.0005403387353263476
0.0
0.0001093484688066523
0.0
0.0
0.0
0.0
0.0
0.0
0.0
0.0
1.1814234048639415e-20
0.0
0.0
0.0
0.0
0.0
0.0
-1.8902774477823064e-19
0.0
0.0
0.001350846838315869
1.1814234048639415e-20
0.0
0.0
0.0
0.0
0.0
0.0
0.0
0.0
0.0
0.0
9.451387238911532e-20
0.0
0.0
0.0
0.0
4.725693619455766e-20
0.0
0.0
0.0
0.0
0.0
0.0
0.0
0.0
0.0
0.0
0.0
0.0
0.0
0.0
0.0007504704657310383
0.00016402270320997844
0.0011257056985965574
0.0014258938848889728
0.001350846838315869
0.0
0.0
0.0
0.0
0.0
0.0
1.8902774477823064e-19
0.0
4.725693619455766e-20
0.0006979375331298656
0.0
0.0
0.0
0.0
0.0
0.0010506586520234536
0.0
0.0
0.0
0.0
0.0001749575500906437
0.0
0.0
0.0
0.0
0.0
0.0
0.0
0.0
-1.1814234048639415e-20
0.0
0.0
0.0
0.0
0.0
0.0
-2.9535585121598538e-21
0.0
0.0
0.0
0.0
0.0
0.0011257056985965574
0.0
0.0
0.0
0.0
0.0
0.0
0.0
0.0
0.0
0.00013121816256798276
0.0
0.0
0.0
0.0
0.0
0.0
0.0
0.0
0.0
0.0
4.725693619455766e-20
0.0
0.0
-1.8902774477823064e-19
0.0
2.362846809727883e-20
0.0
0.0020262702574738033
0.0
0.0
0.0
0.0
0.0
0.0
0.0
0.0
0.0
0.0
0.0
0.0
0.0
0.0
0.0
0.0
0.0
0.0
0.0
0.0
0.0
0.0
0.0
0.0
0.0
0.0
0.0
0.0
0.0020262702574738033
4.725693619455766e-20
3.780554895564613e-19
0.0
0.00013668558600831538
7.561109791129226e-19
3.780554895564613e-19
0.0
0.0
0.0
0.0
0.0
0.0
0.0
0.0
0.0
7.654392816465661e-05
0.0
0.0
0.0
0.0
0.0
0.0
0.0
0.0
0.0
0.0
0.0
0.0
0.0
0.0
4.3192645178627655e-05
0.0
0.0
0.0
0.0
0.0
0.0
0.0
0.0
0.0
0.0
0.0
0.0
0.0
0.0
0.0
0.0
0.0
0.002701693676631738
0.0
0.0
0.0
0.0
0.0
0.0
0.0
0.0
0.0
0.0
0.0
0.0
0.0
0.0
0.0
0.0
0.0
0.0
0.0
0.0
0.0
0.0
0.0
0.0
0.0
0.0
0.0
0.0
0.0
0.0
0.0
0.0
0.0
0.0
0.0
0.0
0.0
0.0
0.0
0.0
0.00010388104536631969
0.0
0.0
0.0
0.0
0.0
0.0
0.0
0.0
-9.451387238911532e-20
0.0019512232109006994
-1.8902774477823064e-19
0.0
0.0
0.0
0.0
0.0
0.0
0.0
0.0
9.451387238911532e-20
0.0
0.0
1.1814234048639415e-20
-2.9535585121598538e-21
0.0
0.0
0.0
0.0
7.107650472432399e-05
0.0
0.0008255175123041421
0.0
0.0
0.0
0.0020239598241795606
0.0
0.0
0.0
0.00020229466729230675
0.0
0.0009756116054503497
0.0
-4.725693619455766e-20
0.0
0.0
0.0001275799791742765
0.001275799791742765
0.0
0.0
0.0
0.001350846838315869
0.0
0.0
0.0
0.0
0.0002626646630058634
0.0
0.0
0.001275799791742765
0.0
0.0002776740723204842
0.0
-3.780554895564613e-19
0.0
1.9682724385197414e-05
0.0
0.001801129117754492
0.0
0.0
0.0
-2.9535585121598538e-21
0.0002701693676631738
0.0
0.0
0.0016510350246082843
0.0
0.0
0.0004052540514947607
-1.8902774477823064e-19
0.00255159958348553
0.0
0.0
0.0
-3.780554895564613e-19
0.0
0.0
0.0
0.0
0.0
0.0
0.0
0.0
0.0
0.0002186969376133046
0.0
0.0
0.0
0.0
0.0
0.0
0.0
0.0
0.0
0.0
0.002701693676631738
0.0
0.0
0.00015759879780351805
0.0
0.0
0.0
0.0
0.0012007527451696612
0.0005553481446409684
0.0004202634608093814
0.0
7.561109791129226e-19
0.0
3.780554895564613e-19
0.0
0.0
0.0
0.0
0.0
0.0
0.0
0.0
0.0
0.0
0.0
0.0
0.0005553481446409684
0.0
0.0
-1.8902774477823064e-19
0.0
0.0
0.0
0.0
0.0
0.0
0.0
0.0
0.0
0.0
5.467423440332615e-05
0.00255159958348553
0.0
7.561109791129226e-19
0.0
0.0
0.0
0.0
0.0012007527451696612
0.0
0.0
0.0
0.0
0.0
0.0
0.0
0.0003452164142362776
0.0
7.561109791129226e-19
0.0
0.0
0.0004202634608093814
0.0
0.0
0.0
0.0
0.0
0.0
0.00022963178449396984
0.0
0.0
0.0
0.0008255175123041421
0.0
0.0
0.0
0.0
0.0
0.0010506586520234536
0.0
0.0003151975956070361
0.0
0.0
0.00013668558600831538
0.0
0.000900564558877246
0.0
0.0
0.0
0.0
0.0
0.0
0.0
0.0
0.0
0.0
0.0
0.0
0.0
0.0
0.0009756116054503497
2.362846809727883e-20
0.0009756116054503497
0.0001093484688066523
0.0
0.0
0.0
0.0
0.0
0.0
0.0
-2.9535585121598538e-21
0.0
0.0
0.0
0.0003827399375228295
0.00024056663137463506
-2.9535585121598538e-21
0.0
0.0
0.0
0.0
0.0
0.003076928909497257
0.0
0.0
0.0
0.0
0.0
0.0
4.725693619455766e-20
0.0
-1.4767792560799269e-21
0.0
0.00046057364918672053
0.0
0.002176364350620011
0.0
0.0
0.0
-3.780554895564613e-19
0.0
0.0
0.0
0.0004803010980678645
0.0
0.0
0.0
0.00046529168875324373
0.00024056663137463506
0.0
0.0
0.0
0.0
0.0
0.0
0.0
0.0
0.0004352728701240022
0.0
0.0016510350246082843
0.000255159958348553
0.0024765525369124263
0.000900564558877246
-1.8902774477823064e-19
0.000213229514172972
0.0
0.0
0.0004202634608093814
0.0
0.0
0.0
0.0
0.0
0.0
0.0
0.0
0.0019512232109006994
0.0
0.0
0.0
0.0
0.0
0.0
1.8902774477823064e-19
0.0
0.0
0.00038273993752282955
0.0009756116054503497
-1.1814234048639415e-20
0.0
0.00046529168875324373
0.0
0.0002701693676631738
0.0
0.0
0.0002701693676631738
0.0
-2.9535585121598538e-21
0.0
0.0
0.0
0.0
0.0
0.0
0.002626646630058634
0.0
0.0
0.0
0.0
0.0
0.0
0.0
0.0
0.0
0.00011481589224698492
0.0
0.0
0.0
0.0
0.0
0.00015308785632931322
0.0
0.0
0.0
0.0
0.0
0.0
0.0
0.0010506586520234536
-3.780554895564613e-19
0.0006228904865567618
0.0
0.0
0.0
0.0
0.0015759879780351805
0.0
0.0
0.0011257056985965574
0.0
0.0
0.0
0.0
0.0
0.0
0.0
0.0
0.0
0.0
0.0
0.0
0.0
0.00020262702574738034
0.0014258938848889728
0.0
2.2416436105363722e-05
0.0
-5.9071170243197075e-21
0.0010506586520234536
0.0
0.0
0.0
0.0
0.0
0.00018042497353097629
0.0
0.0
0.0
0.0
0.0
0.0
0.0
0.0
0.0
0.0
0.0
0.0002926834816351049
0.0
0.0
0.0
0.0
0.0
0.00018011291177544918
0.0
0.0
0.0
0.0
0.0
0.0
0.0
0.0
0.0
4.209916049056113e-05
0.0
0.0
0.002176364350620011
0.0
0.0
0.0
0.0
0.00018011291177544918
0.0
0.00023264584437662186
0.0
0.0
0.0
0.0
0.0
0.0
0.0
0.0
0.0
0.0
0.0010506586520234536
0.0
0.0
0.0
0.0
0.0004803010980678645
0.0
0.0
0.0
0.0
0.0
0.0
0.0
0.0
0.0
0.0
0.0
0.0
0.00038271964082328306
0.0
0.0
0.0
0.0
0.0
0.00019135982041164153
0.0
0.0
0.0
0.0
0.0
0.0
0.0
0.0
0.0
0.0
0.0
0.0
0.0004727963934105541
0.0
0.0
0.0
0.0
0.0
0.0
0.00015009409314620766
0.00045778698409593333
0.0
0.0
0.00015759879780351805
0.0
-1.8902774477823064e-19
0.0008255175123041421
0.0
0.0
0.0
0.0004277681654666918
0.0
0.00015759879780351805
0.0
0.0
0.0
0.0
0.0
0.0
0.0
0.0
0.0
0.0
0.0
0.0
0.0
0.0
0.0
0.0009756116054503497
0.0001093484688066523
0.0
0.0
0.0
0.0009756116054503497
0.0
0.0
0.0
0.0
0.0
0.0
0.0
0.0
0.00019512232109006994
0.0
0.0
0.0
0.0
0.0
-1.1814234048639415e-20
0.0
0.0
0.0
0.0
0.0
0.0
0.0
0.0
0.0
0.0
0.0011257056985965574
0.0
0.0
0.0003452164142362776
0.0
0.0
0.0
0.0
0.0
0.0
0.002251411397193115
0.0
0.0
0.0
0.0
0.0002101317304046907
0.0
-1.1814234048639415e-20
0.0
1.8902774477823064e-19
0.0
0.0
1.8902774477823064e-19
0.0032270230026434647
0.0
0.0
0.0
0.0
0.0
0.0002776740723204842
0.0024015054903393225
0.003151975956070361
0.0
0.0
0.0
-1.8902774477823064e-19
0.0
0.0
0.0
0.0
0.0
0.0
0.0
0.0
0.0
0.002626646630058634
0.002251411397193115
0.0001093484688066523
0.0004427775747813126
0.001350846838315869
0.00018761761643275958
0.0009756116054503497
0.0008255175123041421
0.0
0.0004202634608093814
0.0
0.00016949012665031107
0.0
4.045893345846135e-05
0.0
0.0
0.0
0.0
0.0
0.0
0.0
0.0
0.0
9.451387238911532e-20
0.0020239598241795606
0.003076928909497257
0.0
0.0
0.0
0.0
0.0
0.0
0.0
0.0
0.0005628528492982787
0.00023264584437662186
0.0
0.0
0.0
0.0009756116054503497
0.0
0.0018761761643275956
0.0
0.0
0.000607881077242141
0.0009756116054503497
0.0
0.0
0.0002776740723204842
0.0019512232109006994
0.0
0.003977493468374503
0.00022963178449396984
0.0
0.0
0.0009756116054503497
0.0
0.0
0.0
0.0
0.0
0.0
0.0011257056985965574
0.0010506586520234536
0.0
0.0003902446421801399
0.0
0.0
0.0
0.0
0.0
0.0
0.0
0.00035272111889358797
0.0
0.0
7.42965761073728e-05
0.0
0.0
0.0
0.0
0.0
0.0
0.0
0.0
0.0
0.0
0.0019512232109006994
0.00048780580272517486
0.0
0.0
0.0
0.0017260820711813881
0.0
0.0016510350246082843
0.0
0.0
0.0002776740723204842
0.0
0.0
0.0
0.0
0.0
0.0
0.0
0.0
0.0
0.0
0.0
0.0
2.3509920793430244e-05
0.0
0.0
0.0
0.0
0.0
0.0
0.0
0.0
0.0
0.0
0.0
0.0
0.0
0.0
0.0
0.0
0.0
0.0
0.0
0.0
0.0
0.0
0.0
0.0
0.0
0.0
0.0
0.0
0.0
0.0
0.0
0.0
0.00016510350246082842
0.0
0.0029268348163510494
7.654392816465661e-05
0.0
0.0
7.561109791129226e-19
0.0
0.00035272111889358797
0.0
0.0007279563517591072
0.0
0.00255159958348553
0.0
0.0
0.0
0.0
0.00013668558600831538
0.0
0.0
0.0
0.0
0.0002101317304046907
0.0033020700492165686
0.0
0.0
0.0
0.0
0.003151975956070361
0.0
0.0
0.0
0.0008255175123041421
0.00018011291177544918
-2.9535585121598538e-21
0.0
0.001801129117754492
0.0
0.0
0.0
0.0
0.000450282279438623
0.00020229466729230675
0.0
0.000900564558877246
0.0
0.0016510350246082843
0.00019512232109006994
0.0001858923969713089
0.0
0.0
0.0
0.0
-2.362846809727883e-20
0.0
0.0
0.0
0.00255159958348553
0.0
0.0
0.00033771170957896723
0.0
0.00036773052820820876
0.0
0.0033020700492165686
0.0
0.0
0.0
0.0
0.0
0.0
0.0
0.0
0.0
0.0
0.0
0.0005178246213544164
0.0
0.001801129117754492
0.0
0.0
0.0
0.0
0.0
0.0
0.0
0.0
0.0
0.0
0.0
0.0
0.0
1.8902774477823064e-19
5.467423440332615e-05
0.0
0.0
0.0
0.0
-1.1814234048639415e-20
0.002626646630058634
0.0
0.0
0.0
0.0
0.0
0.0004427775747813126
1.8902774477823064e-19
4.725693619455766e-20
-2.362846809727883e-20
0.0
0.0
0.004427775747813126
0.0
0.0
0.0
0.00018011291177544918
0.0
0.0
0.0007354610564164175
0.0
0.00010388104536631969
0.0
0.0
0.0011257056985965574
0.0
0.0
0.0
0.0
0.0
0.0
-1.4767792560799269e-21
0.0
0.0
0.0
0.00012007527451696613
0.000510319916697106
0.0
0.0
0.0
0.0002701693676631738
-1.1814234048639415e-20
0.0
0.0
0.0
0.0
0.0
0.0
0.0
0.0
0.000900564558877246
0.0015759879780351805
0.0002515014782553003
0.0
0.00035272111889358797
0.0
0.0
0.0
0.0
0.0
0.0010506586520234536
0.0
0.0005178246213544164
0.0
0.0
0.0
0.0
0.0
0.000607881077242141
0.0
0.0
0.0
0.0
0.0
0.0
0.0
0.0
0.0
0.0
0.0
-1.1814234048639415e-20
0.0
0.0
0.0
0.0
0.0
0.0
0.0011257056985965574
0.0
0.0
0.0
0.0
0.0
0.0004277681654666918
0.0
0.0
0.0
0.0
0.00048780580272517486
0.0
0.0
0.0
0.0
0.0004202634608093814
0.0012007527451696612
0.0005403387353263476
0.0
0.0
0.0008255175123041421
0.00015759879780351805
0.00035272111889358797
0.0
0.0
0.0
-2.362846809727883e-20
0.0
0.0
0.0
0.0
0.004277681654666918
0.0
0.0
0.0
0.0004953105073824853
0.0
0.0
0.0008255175123041421
0.0003663173705022852
0.0
0.0
0.0
0.0
0.0
0.0
0.0
0.00352721118893588
0.0
0.0
0.001350846838315869
0.0
0.0002926834816351049
0.0003151975956070361
0.0007354610564164175
0.0
0.0
0.0
0.0
0.00019512232109006994
0.0
0.0014258938848889728
0.0
0.0
0.0
0.0
0.002251411397193115
0.00018761761643275958
0.0
0.0
0.0
0.00024015054903393226
0.0
0.0
0.0027767407232048417
0.0
0.00023509920793430243
0.0
0.0028517877697779455
0.0
0.0
0.00028430601889729596
0.0
0.0
0.0
0.0
0.00033771170957896723
0.0008255175123041421
0.0011257056985965574
0.0
0.0
0.0
0.0
0.0
0.0
0.0
0.0
0.0
0.0
0.0
0.0
0.0
0.0
0.0
0.0
0.0
0.0003076928909497257
0.0
0.0
0.0
0.0007204516471017967
0.0
0.0
0.002176364350620011
0.0
0.0
0.0
0.0
0.0
0.0
0.0
0.0
0.0
0.0
-1.1814234048639415e-20
0.0
0.0
0.0
0.0
0.0
0.0004727963934105541
0.0
0.0
0.0017260820711813881
0.0
0.0
0.0
0.0
0.0
0.0
0.0
0.0
0.0
0.0
0.0
0.0
0.0
2.515014782553003e-05
3.780554895564613e-19
0.0
0.0
0.0
0.0
0.0
0.0
0.0
0.0
0.0
0.0
0.0
0.0
0.0
0.0
0.0
0.0
0.0007204516471017967
0.0
0.0
0.0
0.0
0.0
0.0
0.0005478434399836579
0.0
0.00020776209073263937
0.0
0.0
0.00010388104536631969
0.002101317304046907
0.0
0.0
0.0
0.0
0.0
0.0
0.0
0.0
0.0017260820711813881
0.0
0.0
0.0019512232109006994
0.0004953105073824853
0.000510319916697106
0.0
0.0
0.0
0.0
0.00012028331568731753
0.0
0.0
0.0
0.00013668558600831538
0.0
0.0
0.0
0.0
0.0
-1.8902774477823064e-19
0.0
0.0
-2.362846809727883e-20
0.0
0.0
0.0
0.0
6.0141657843658764e-05
0.0
0.0
0.0
0.0
0.0001275799791742765
0.0
0.0001749575500906437
0.0
0.0
0.0
0.0
0.0
0.0
0.0
0.0
0.0
0.0
0.0
0.0
0.0
0.0
0.0
0.0
0.0
0.0
0.0
0.0
0.0
0.0
0.0
0.0
0.0
0.0
0.0
0.0
0.0
0.0
0.0
0.0
0.0
0.0
0.0
0.0
0.0
0.0
0.0
0.0
0.0
0.0
0.0
2.1322951417297197e-05
0.0
0.0
0.003151975956070361
0.0
0.0
9.294619848565445e-05
0.0
0.0
0.0
0.0
0.0
0.0
0.0
0.0028517877697779455
0.0
0.0
0.0
0.0
0.0
0.0
0.0
0.0
0.0
0.0
0.0
0.0
0.0
7.561109791129226e-19
0.0
0.0
0.0
0.0
1.6402270320997845e-05
0.0
0.0
0.0
0.0
0.0
0.0028517877697779455
0.0
0.0
0.0
0.0
0.0
0.0
0.0
0.0
0.0
0.0
0.0
0.00412758756152071
0.0
0.0
0.0
0.0
0.0
0.0
0.0
0.0
0.0
0.0
0.0
0.0
0.0
0.0
0.0
0.0
0.0
0.0
0.0
0.0
0.0
2.0776209073263936e-05
0.0005778622586128995
0.0
0.000450282279438623
0.0005178246213544164
0.0008255175123041421
0.0
0.0
0.0
0.0
-3.780554895564613e-19
0.00045778698409593333
0.0
0.0
0.0
0.00046529168875324373
0.0
0.0
0.0
0.0
0.0
0.0
0.0
0.0002460340548149677
0.0
0.0
0.0
0.0
0.0
0.0
0.0001476204328889806
0.0
0.0
0.0
0.0
0.0
0.0
0.0
0.0
0.0
0.0
0.0
0.0
0.0
0.0
0.0
0.0023264584437662186
0.0
0.0
0.0
0.0
0.0
-7.561109791129226e-19
0.0003001881862924153
0.0
0.0
0.0
3.780554895564613e-19
0.0
0.0
0.0
0.0
0.0
0.0
0.0
0.0
1.8589239697130892e-05
0.0
0.0
0.0
0.0
0.0
0.0
0.0
0.0015009409314620766
0.0
0.0
0.0
0.0
0.0
0.0
0.0
0.0
0.0
0.0
0.0
3.780554895564613e-19
0.0
0.0
0.004352728701240022
0.0
0.0
0.00016949012665031107
1.8902774477823064e-19
0.0
0.0
0.0
0.0
0.0
0.0
0.0
0.0
0.0
0.0
0.0
0.0
0.0
0.0
0.0010506586520234536
0.0
0.0
0.0
0.0
0.0
0.0
0.0
0.0
0.0
0.0
0.0
0.0
0.00012575073912765014
0.0
0.0
0.0
0.0
0.0
0.0
0.0
-2.362846809727883e-20
0.0
0.0
-2.362846809727883e-20
0.0027767407232048417
0.0
0.0
0.0
0.0
0.0
0.00012575073912765014
0.0
0.0
0.0
0.0
0.0
1.1814234048639415e-20
0.0
0.0
0.0
0.0
0.0
0.0
0.0
0.0
0.00012575073912765014
0.0
0.0
0.0
0.0
0.0
0.0
0.0
0.0
0.0
0.0
0.0
0.0
0.0
0.0
0.0
0.0
0.0
0.0
0.0
0.002251411397193115
0.0
0.0
0.0
1.4767792560799269e-21
0.0
0.0
0.0
0.0
0.00020229466729230675
0.0
0.0
0.0
0.002101317304046907
0.0
0.0
0.0
0.0
0.0
0.0033771170957896724
0.0
0.0
0.0
0.001275799791742765
0.0
0.0
0.0
0.0
0.0
0.0
0.0
0.0
0.0
0.0027767407232048417
0.0
0.0
0.0
0.0
0.0
0.0
-4.725693619455766e-20
0.0
0.0
0.0
0.0
0.0
0.0
0.0
0.0
6.0141657843658764e-05
0.0
0.0
0.0
0.0
0.0
0.001801129117754492
0.0
0.0
0.0
0.0
0.0
0.0
0.0
0.0
0.0
0.0
0.0
0.0
0.0
0.0
0.0
0.0
0.0
0.0
0.0
0.0
0.0
0.0
0.0
0.0
4.725693619455766e-20
0.0
0.0
0.0
0.0
0.0
0.0
0.0
0.0
1.1814234048639415e-20
0.0
0.0
0.0
0.0
0.0
0.0
0.0
7.107650472432399e-05
0.0
0.0
0.0
0.000570357553955589
0.0
0.0
0.0
0.0
0.0
0.0
0.0
0.0
0.0
0.0
0.0
0.0
0.0
0.0
0.0
0.0
0.0023264584437662186
0.0
0.0
0.0
0.0
0.0
0.0
0.0
0.0
0.0
0.0
0.0
0.0
0.0
9.841362192598706e-05
0.0
0.0
0.0
0.0
0.0
0.0
0.0
0.0
0.0
0.0
0.0
0.0005478434399836579
0.0
0.0
0.0
0.0
0.0
0.0
0.0
0.0
0.0
0.0
0.0
0.0
0.0
0.0
0.0
0.0
-2.362846809727883e-20
0.0
0.0
0.0
0.0
0.0
0.0
0.0
0.0
0.0
0.0
0.0
0.0
0.0
0.0
0.0
0.0
0.0
0.0
0.0
0.0
0.0
0.0
0.0
0.0
1.8902774477823064e-19
0.0
0.0
0.0
0.0
0.0
0.00016510350246082842
0.0
0.0
0.0
0.0
0.0
0.0
0.0
0.0
0.00012028331568731753
0.0
-1.8902774477823064e-19
2.362846809727883e-20
0.0
-1.8902774477823064e-19
0.0
0.0
0.0
0.0
0.0
0.0
0.0
0.0
0.0
0.0
0.0
0.0
0.0
0.0
5.9071170243197075e-21
0.0
0.0
0.0
0.0
0.00012028331568731753
0.0
0.0
0.0
0.0
0.0
0.0
9.841362192598706e-05
0.0
0.0001858923969713089
0.0
0.0
0.0
0.0
0.0
0.0
0.0
0.0
0.0
0.0
0.0
0.0
0.0
0.0
0.0
0.0
0.0
0.0
0.0
0.0
0.0
0.0
-9.451387238911532e-20
0.0
0.0
0.0
0.0
0.0
0.00045778698409593333
0.0
0.0
0.0
1.9682724385197414e-05
0.0
0.0
0.0024765525369124263
0.0006303951912140722
0.0
0.0
0.003076928909497257
0.0
0.0
0.0
0.0
0.0
0.0
0.0
0.0
0.0
0.0
0.0
0.0
0.0
0.0
0.0
0.0
2.0776209073263936e-05
0.0
0.0
9.294619848565445e-05
0.0
0.0
0.0
0.0
0.0
-3.780554895564613e-19
0.0
1.2028331568731752e-05
0.0
0.0
0.0
0.0
4.725693619455766e-20
6.560908128399138e-05
0.0
0.0
0.0001476204328889806
0.0
0.0
0.0
0.0
0.0
0.000900564558877246
0.0
0.0
0.0
0.0
0.0
0.0
0.0
0.0
0.0
0.0
0.0
0.0
0.0
1.8902774477823064e-19
0.00023509920793430243
0.0
0.0
0.0
0.0
0.0
0.00015308785632931322
0.0
0.0
0.0
-7.561109791129226e-19
0.0001726082071181388
0.0
2.515014782553003e-05
0.0
0.0
0.0
0.0
0.00010388104536631969
0.0
0.0
0.0
0.0029268348163510494
0.0
0.0
0.0
0.0
0.0011257056985965574
0.0
1.2575073912765015e-05
0.0
0.0
0.0
0.0
0.0
0.0
0.0
0.0
0.0
0.0
0.0
1.8042497353097628e-05
0.0
0.0
0.0
0.0
0.0
0.0
0.0
0.0
0.0
0.0019512232109006994
0.0
0.0
0.0
0.0
0.0
0.0
0.00014258938848889726
0.0
0.0
0.0
0.0
0.0
0.0
0.0
0.005553481446409683
0.0
0.00014215300944864798
0.0
0.0
0.0
0.0
0.0
0.0
5.084703799509332e-05
0.0
0.0
0.0
0.0
0.0
0.0
0.0
0.00015009409314620766
0.0
0.0
0.0
0.0
0.0
0.0
0.0
1.1814234048639415e-20
0.0
0.0
0.0
0.0
0.0
0.0
0.0
0.0
0.0
0.0
0.0
0.0
0.0
0.0
-1.4767792560799269e-21
0.0
0.0
0.0
0.0
0.0
0.0
0.0
0.0
0.0
0.0
0.0
0.0
0.0
0.0
0.0
0.0
0.0
0.0
0.0
0.0
0.0
-3.780554895564613e-19
0.0
0.0
0.0
0.0
0.0
0.0
0.0
0.0
0.0
0.0
0.0
0.0
0.0
0.0
0.002101317304046907
0.0
0.0
0.0
0.0
0.0
0.0
0.0
0.0
0.0
0.0
0.0
0.0
0.0
0.0
0.0
0.0
0.0006904328284725553
0.0
0.0
0.0
0.0
0.0
0.0
0.0
0.0
0.0
2.2963178449396983e-05
0.0
0.0
0.0
0.0
0.001801129117754492
0.000900564558877246
0.0
0.0
0.0027767407232048417
0.0
0.0
0.0
0.0
0.0
0.0024765525369124263
0.0
0.0
0.0
0.0
0.0
0.0
0.0
0.0
0.0
0.00023264584437662186
0.0
0.001801129117754492
0.0
0.0033020700492165686
0.0
0.0
0.0
0.0
0.0
0.0
0.0
0.0
0.0
0.0
0.000255159958348553
0.0
0.0
4.045893345846135e-05
0.00048780580272517486
0.0
0.0
0.0
0.0
0.0
0.0
0.0
0.0
0.00018761761643275958
0.0
0.0
0.0
0.0
0.0
0.0
0.0
2.362846809727883e-20
0.0
0.0
0.0
0.0
0.0
0.0
0.0
0.0
0.0
0.0
0.0
0.0
0.0
0.0
0.0
0.0
0.0
0.0
0.0
0.0
0.0
0.0
0.00010388104536631969
0.0
0.0
0.0
0.0
0.0
0.0
0.0
0.0
0.0
0.0004953105073824853
0.0
0.0
0.0
0.0
0.0
0.0
0.0
0.0014258938848889728
0.0
0.0
0.0
2.6790374857629813e-05
0.0
0.0
4.045893345846135e-05
0.0
0.0
0.0
0.0
0.0
0.0
0.0
0.0
0.0
0.0
0.0
0.0
0.001801129117754492
0.0
0.001275799791742765
3.8271964082328306e-05
0.0
0.0
0.0
0.0
0.0
0.0007504704657310383
0.0
0.0
0.0
0.0
0.0
0.0
0.0
0.0
0.0
0.0
0.0
0.0
0.0
0.0
0.0
0.0
0.0
0.0
0.0
0.0
0.00019512232109006994
0.0
0.0
0.0
0.0
0.0
0.0
0.0
0.0
1.8902774477823064e-19
0.0
0.0
0.0
0.0
0.0
0.0
7.561109791129226e-19
0.0
0.0
0.0
0.0033771170957896724
0.0
0.0
0.0
0.0
0.0
0.0
0.0
0.0
0.0
0.0
0.0
0.0
0.0
0.0
0.0
0.0
0.0
0.0
9.294619848565445e-05
0.0
0.0
0.0
0.0
0.0
0.0
0.0
0.0
0.001801129117754492
0.0
0.0
0.0
0.0004727963934105541
0.003827399375228295
0.003827399375228295
0.0
0.0
0.0
0.001350846838315869
0.0
0.0
0.0
0.0
0.00012575073912765014
0.0
0.0
0.0
0.00016510350246082842
0.00012575073912765014
8.747877504532184e-05
0.0017260820711813881
0.0
0.0002176364350620011
0.00045778698409593333
0.0
0.0
0.0
0.0
0.0
0.0
0.0
0.00012028331568731753
0.0
0.0
0.0
0.0
0.0
0.0
0.0
0.0
0.0003151975956070361
0.0
0.0
0.0
0.0005253293260117268
0.0
0.0
0.0
0.0
0.0
0.000570357553955589
2.362846809727883e-20
0.0
0.0
0.0
9.756116054503497e-05
8.201135160498922e-05
0.0
0.001350846838315869
0.00010388104536631969
0.0002101317304046907
0.0
0.0
0.00036022582355089836
3.171105595392917e-05
0.0001476204328889806
0.00019135982041164153
0.0
0.0
0.0
1.6949012665031106e-05
0.0
0.0
0.0
0.0
0.0
0.0
0.0
0.005328340306690372
0.0024765525369124263
0.00011481589224698492
0.0
0.002101317304046907
0.0033771170957896724
0.004202634608093814
0.0
0.000213229514172972
0.00023264584437662186
0.0
0.00012575073912765014
0.00010388104536631969
0.0004727963934105541
0.0006378998958713825
1.5855527976964584e-05
0.0015009409314620766
0.000450282279438623
0.00012028331568731753
7.654392816465661e-05
0.0
0.002176364350620011
0.0015009409314620766
0.0
0.0
0.0006904328284725553
0.0
0.0016510350246082843
0.00036773052820820876
0.0
0.0
0.0004202634608093814
0.000900564558877246
0.0001749575500906437
0.0
0.0006003763725848306
0.00048780580272517486
0.0011257056985965574
0.0004427775747813126
0.0
0.0024765525369124263
6.560908128399138e-05
0.0
0.0018761761643275956
0.0050281521203979565
0.0
0.0019512232109006994
0.0017260820711813881
2.4056663137463505e-05
0.00024015054903393226
0.0
0.002101317304046907
9.451387238911532e-20
0.0
0.0003902446421801399
0.0007204516471017967
1.6949012665031106e-05
0.0
0.002176364350620011
0.001275799791742765
0.0
0.00048780580272517486
0.0010506586520234536
0.0033771170957896724
0.0
0.0017260820711813881
0.00020229466729230675
0.0
0.0
0.0006904328284725553
0.0
0.0
0.0
0.003602258235508984
0.0028517877697779455
0.0
0.0002251411397193115
0.0
0.0
0.0
0.0
0.003977493468374503
0.0002101317304046907
0.0015009409314620766
0.0
0.003602258235508984
0.001275799791742765
0.0006679187145006241
0.0
0.00024765525369124265
0.0
1.6949012665031106e-05
0.0011257056985965574
0.0028517877697779455
0.002176364350620011
0.0002251411397193115
0.00012575073912765014
0.0006604140098433137
0.0
0.0
0.0005553481446409684
0.002176364350620011
0.0007504704657310383
0.0006829281238152448
0.00071076504724324
0.00255159958348553
0.00039365448770394825
0.0
1.5308785632931323e-05
0.0011257056985965574
0.0005478434399836579
1.1814234048639415e-20
2.0229466729230675e-05
0.0
0.006303951912140722
1.6402270320997845e-05
0.002101317304046907
0.0
0.00019135982041164153
0.0
0.0012007527451696612
5.194052268315984e-05
0.0
0.0012007527451696612
0.0
0.0008255175123041421
1.0388104536631968e-05
0.004202634608093814
0.0
0.00023264584437662186
0.0007354610564164175
0.0012007527451696612
0.0
0.0006529093051860033
5.2487265027193104e-05
0.0024015054903393225
0.00012007527451696613
0.0001726082071181388
0.0033771170957896724
0.0001350846838315869
0.0010506586520234536
0.0008255175123041421
0.0
9.841362192598706e-05
0.000900564558877246
9.451387238911532e-20
0.0023264584437662186
0.0
1.5855527976964584e-05
0.0007504704657310383
0.0014258938848889728
0.0
0.0
0.0
0.000255159958348553
0.0
0.0003902446421801399
0.0
0.0006979375331298656
0.0015759879780351805
0.0
0.0007504704657310383
0.00028430601889729596
0.0
0.0
0.0015009409314620766
0.0017260820711813881
0.0003001881862924153
0.00019682724385197413
0.0010506586520234536
0.0
0.0
0.0001749575500906437
0.0030018818629241532
0.0009756116054503497
0.0
0.0002776740723204842
0.0011257056985965574
0.00023509920793430243
0.0016510350246082843
0.0
0.00016510350246082842
0.0
0.0005403387353263476
0.0
6.560908128399138e-05
0.004277681654666918
0.0
0.00024765525369124265
0.00019682724385197413
0.0016510350246082843
0.0019512232109006994
0.0018761761643275956
2.2416436105363722e-05
0.0
0.0029268348163510494
0.0004427775747813126
0.0006979375331298656
0.0012007527451696612
0.0011257056985965574
0.00014258938848889726
0.00035272111889358797
0.0019512232109006994
0.0028517877697779455
2.952408657779612e-05
0.0
0.0
0.000900564558877246
0.00014258938848889726
1.8902774477823064e-19
0.0004727963934105541
0.0
1.9682724385197414e-05
0.0003452164142362776
0.0015009409314620766
0.002176364350620011
6.560908128399138e-05
0.0011257056985965574
0.0016510350246082843
0.00255159958348553
9.294619848565445e-05
2.1322951417297197e-05
0.00016949012665031107
0.0
5.030029565106006e-05
0.0018761761643275956
0.0
0.0003902446421801399
0.0009756116054503497
7.561109791129226e-19
0.0015759879780351805
0.001275799791742765
9.841362192598706e-05
0.0012007527451696612
5.030029565106006e-05
0.0
9.294619848565445e-05
0.0
0.00012575073912765014
0.0012007527451696612
4.866006861896027e-05
0.00010388104536631969
0.002101317304046907
0.000900564558877246
0.0
0.005778622586128995
0.0050281521203979565
0.001275799791742765
0.00036773052820820876
0.0019512232109006994
0.000570357553955589
0.0006679187145006241
0.00014215300944864798
0.0
0.0
0.0019512232109006994
0.0012007527451696612
0.0006378998958713825
0.0018761761643275956
0.0
0.0
0.0
0.0005253293260117268
9.841362192598707e-06
0.0
0.0006829281238152448
0.00016510350246082842
0.00255159958348553
0.0
0.0017260820711813881
0.0
0.0009756116054503497
0.0
0.0
0.0
0.0020239598241795606
0.0023264584437662186
0.00019682724385197413
0.0
0.00020262702574738034
0.00020776209073263937
0.00016949012665031107
0.0
0.0006679187145006241
0.0
6.560908128399138e-05
4.209916049056113e-05
7.654392816465661e-05
0.0015009409314620766
0.00018011291177544918
0.0
0.007504704657310382
0.0004427775747813126
1.3121816256798276e-05
0.0001093484688066523
0.0030018818629241532
8.747877504532184e-05
0.0
0.00024015054903393226
2.952408657779612e-05
0.0
0.0
0.00016402270320997844
0.0028517877697779455
0.0033771170957896724
0.002626646630058634
1.9135982041164153e-05
0.0003007082892182938
8.747877504532184e-05
0.000255159958348553
0.002176364350620011
0.0001476204328889806
0.0
1.8902774477823064e-19
0.004953105073824853
0.00014215300944864798
0.0005178246213544164
0.0
0.00013668558600831538
0.0003452164142362776
0.0012007527451696612
0.00607881077242141
0.0
0.0036773052820820874
0.00033020700492165684
0.00015855527976964582
0.0
1.6949012665031106e-05
0.0
0.00015759879780351805
0.0006003763725848306
0.004352728701240022
0.0007354610564164175
0.0004202634608093814
0.0016510350246082843
0.00255159958348553
0.0
0.003902446421801399
0.00037523523286551915
0.001801129117754492
0.0060037637258483064
7.107650472432399e-05
0.001350846838315869
0.00010388104536631969
0.0
0.0027767407232048417
0.0018761761643275956
0.0
0.0005778622586128995
0.000255159958348553
0.0
1.6949012665031106e-05
0.00010388104536631969
0.001350846838315869
0.0012007527451696612
0.0016510350246082843
0.0
0.00018761761643275958
0.0
0.0
0.00010388104536631969
0.0
7.654392816465661e-05
0.0001350846838315869
0.0
0.0036773052820820874
0.0001275799791742765
0.0005778622586128995
0.0
0.0002701693676631738
6.0141657843658764e-05
0.0002101317304046907
0.00011481589224698492
0.0
6.560908128399138e-05
0.0017260820711813881
0.0016510350246082843
0.004352728701240022
0.0
0.0
0.0018761761643275956
0.0008255175123041421
0.001801129117754492
0.0
7.654392816465661e-05
0.0006153857818994514
0.0010506586520234536
0.0
0.00020776209073263937
0.00010388104536631969
7.107650472432399e-05
0.0015759879780351805
0.003151975956070361
0.0010506586520234536
0.00016510350246082842
0.0
0.0
0.0006754234191579345
0.001801129117754492
0.003752352328655191
0.0001749575500906437
0.00020262702574738034
0.0006904328284725553
0.0004352728701240022
0.0
3.0070828921829382e-05
0.0
0.00015308785632931322
0.00010388104536631969
0.0
0.0001093484688066523
0.00027883859545696336
0.0003151975956070361
0.0017260820711813881
0.0
0.00010506586520234535
9.294619848565445e-05
0.0023264584437662186
3.7178479394261784e-05
0.00020776209073263937
3.991219111442809e-05
0.0018761761643275956
0.0
0.0004202634608093814
5.467423440332615e-05
0.0010506586520234536
4.537961455476071e-06
0.0008255175123041421
0.00035272111889358797
0.0024765525369124263
0.0004052540514947607
7.107650472432399e-05
0.0
0.0018761761643275956
2.84306018897296e-05
0.0001726082071181388
0.0018761761643275956
0.0
0.0004953105073824853
1.8589239697130892e-05
0.0001749575500906437
0.0
0.0
0.0
0.006604140098433137
0.0024015054903393225
0.0008255175123041421
0.0
0.0017260820711813881
0.0
0.0
0.00048780580272517486
0.0005478434399836579
1.3121816256798276e-05
5.194052268315984e-05
0.0033020700492165686
0.0015759879780351805
2.362846809727883e-20
0.0
0.0019512232109006994
0.0
0.0017260820711813881
0.0
0.0
0.00048780580272517486
0.0024015054903393225
0.001350846838315869
0.0
0.00012028331568731753
0.005253293260117268
0.0
0.0010506586520234536
0.00015759879780351805
0.0003001881862924153
0.00014215300944864798
0.001350846838315869
0.00016949012665031107
0.0016510350246082843
0.00023509920793430243
0.00048780580272517486
0.0012007527451696612
0.0
0.0033771170957896724
0.0
0.0027767407232048417
0.0
0.0
3.171105595392917e-05
0.0
0.0
4.725693619455766e-20
5.139378033912658e-05
0.0004352728701240022
0.00016510350246082842
0.0005553481446409684
0.0015009409314620766
0.0010506586520234536
0.0
0.0002897734423376286
0.0
0.0
0.0
0.0023264584437662186
0.0001858923969713089
0.0
0.0002626646630058634
0.0014258938848889728
0.0004803010980678645
0.00033020700492165684
0.001350846838315869
0.00352721118893588
0.0040525405149476066
0.00046529168875324373
6.560908128399138e-05
0.0
2.515014782553003e-05
0.004427775747813126
4.209916049056113e-05
0.0
7.654392816465661e-05
0.00023264584437662186
0.00036022582355089836
0.0017260820711813881
0.0
0.0003452164142362776
0.0
5.194052268315984e-05
0.0
0.002176364350620011
0.0015009409314620766
0.0011257056985965574
2.4603405481496766e-05
0.0
0.0
0.0005553481446409684
0.0010506586520234536
0.0015009409314620766
0.00013668558600831538
0.005403387353263476
0.0010506586520234536
0.00015308785632931322
1.9135982041164153e-05
1.2028331568731752e-05
0.00014215300944864798
0.0017260820711813881
0.0
0.0002624363251359655
0.0002776740723204842
0.0
0.002626646630058634
0.0019512232109006994
0.0007429657610737279
1.093484688066523e-05
0.002101317304046907
0.011257056985965574
0.0006378998958713825
7.654392816465661e-05
0.0002851787769777945
0.00015308785632931322
0.0002515014782553003
0.0
0.007504704657310382
0.001350846838315869
0.00015855527976964582
0.0
3.335128298602895e-05
0.0
7.654392816465661e-05
0.006153857818994514
0.0
7.654392816465661e-05
0.0
0.00900564558877246
3.6631737050228517e-05
0.0001726082071181388
9.294619848565445e-05
0.0012007527451696612
0.0
0.00033020700492165684
0.001801129117754492
0.0
0.0
0.003902446421801399
0.0
4.209916049056113e-05
0.0
0.0015759879780351805
9.294619848565445e-05
0.0
0.001275799791742765
0.00012028331568731753
4.647309924282723e-05
0.0
0.0001749575500906437
0.0
0.0
0.0
0.0
0.0
0.0
0.0
0.003977493468374503
0.0002101317304046907
0.0015759879780351805
0.0024765525369124263
0.00255159958348553
0.0
0.002101317304046907
0.0010506586520234536
8.747877504532184e-05
0.0
7.654392816465661e-05
0.0
0.00016510350246082842
0.0001350846838315869
0.0
9.294619848565445e-05
0.0002176364350620011
0.0002776740723204842
9.005645588772459e-05
0.00015009409314620766
0.0015009409314620766
0.0019512232109006994
3.444476767409547e-05
0.0
9.294619848565445e-05
0.001801129117754492
0.00014215300944864798
0.0
0.0019512232109006994
0.0
0.0008255175123041421
0.0
0.0003452164142362776
0.0
0.0012007527451696612
1.0388104536631968e-05
5.194052268315984e-05
0.00033771170957896723
0.0019512232109006994
0.0
0.0
4.100567580249461e-05
0.003827399375228295
0.001801129117754492
0.0003151975956070361
0.0
0.001275799791742765
0.00018042497353097629
0.0
9.294619848565445e-05
2.0229466729230675e-05
0.0
0.0
0.0001726082071181388
0.0
0.00012575073912765014
0.0
0.0
0.0
0.0
0.0
0.0
0.0
0.0
0.0
0.0
0.0
0.0
0.0
0.0
0.0
0.0
0.0
0.0
1.3121816256798276e-05
0.0
0.0
0.0
0.0
0.0
0.0
0.0
0.0
0.0
0.0
0.0
0.0
0.0
0.0
0.0
0.0
0.0004052540514947607
0.0
0.0
0.0
0.0
0.0
0.0015009409314620766
0.0
0.0
0.0
0.0
0.0
0.0
0.0
0.0
0.0
0.0
0.0
0.0
0.0
0.0
0.0
0.0
0.0
0.0
0.0
0.0
0.0
0.0
0.0
0.0
0.0
0.0
0.0
0.0
0.0
0.0
0.0
0.0
0.0
7.107650472432399e-05
0.0
0.0004727963934105541
0.0
0.0
0.0
0.0
0.0
0.0
0.0
0.0002251411397193115
0.0
0.0
0.0
0.0
0.0
0.0032270230026434647
0.002176364350620011
0.00023509920793430243
0.0
0.0
0.0
0.0
0.0
0.0
1.5855527976964584e-05
0.0002251411397193115
0.00010388104536631969
0.0
0.00607881077242141
0.0003151975956070361
0.0
0.0015009409314620766
0.0
0.0
0.0
0.0
6.560908128399138e-05
0.0
0.00019135982041164153
0.0
0.0
0.0
0.0
9.294619848565445e-05
3.171105595392917e-05
9.841362192598706e-05
0.0
0.0
9.756116054503497e-05
0.0
0.0
0.0
0.0
0.0
0.0
0.00033771170957896723
0.0
0.00015308785632931322
0.0
0.0
0.0
0.0
0.0
0.0
0.0
0.0
0.002701693676631738
0.0
0.002176364350620011
0.0
0.0
0.0
