0.0
0.0007943871632984711
0.0
0.0
0.0
0.0
0.0
0.0
0.0
0.0
0.0
0.0
0.0
0.0
0.0
0.0
0.0
0.001985967908246178
0.0020805378086388533
0.0
0.0
0.003971935816492356
0.0
0.0
0.0
0.0
0.0
0.0
0.0
0.0018913980078535029
0.0
0.0
0.0
0.0
0.0
0.0
0.0
0.0
0.0
0.0
0.0
0.0020805378086388533
0.001985967908246178
0.0
0.0
0.0
0.0
0.0
0.0
0.0
0.0008511291035340762
0.0
0.0
0.0
0.0
0.0
0.0010402689043194266
0.0
0.0
0.0
0.0
0.0
0.0018913980078535027
0.0
0.0
0.0
0.0
0.0
0.0
0.0
0.0
0.0007471022131021336
0.004633925119241082
0.0
0.0002931666912172929
0.0
0.0
0.0
0.0
0.0
0.0
0.0018926003303982863
0.0
0.0
0.0
0.0
0.00038773659160996806
0.0
0.0
0.0
0.0
0.0
0.0
0.0
0.0
0.0
0.0
0.0
0.0
0.0031208067129582795
0.0
0.0
0.0
0.0
0.005579624123167833
0.0
0.0
0.0
0.0
0.0
0.0
0.0
0.0
0.0
0.004161075617277706
0.0
0.0
0.0009456990039267513
0.0
0.0008322151234555412
0.0
0.005106774621204457
0.0
0.0
0.0
0.0
0.0
0.002742527111387579
0.0010402689043194266
0.0
0.0
0.0
0.0
0.0
0.0
0.0
0.0
0.0
0.0
0.0
0.0
0.0
0.0
0.0
0.0
0.0013239786054974518
0.0
0.01418548505890127
0.0
0.0
0.0
0.00045393552188484066
0.0
0.0
0.0
0.0
0.0
0.0
0.0
0.0
0.0
0.0
0.0
0.0
0.0
0.0
0.0
0.0
0.0
0.0
0.0010402689043194266
0.0
0.0
0.0
0.0
0.0
0.0
0.0
0.0
0.0
0.0
0.0
0.0009456990039267514
0.0
0.0
0.0
0.004161075617277707
0.0
0.0
0.0037827960157070057
0.0
0.0
0.0008322151234555412
0.0
0.0
0.0
0.0
0.0
0.0
0.0
0.0
0.0
2.2418093061364445e-19
0.0
0.0
0.0
0.0
0.0004823064920026432
0.0
0.0
0.0
0.0016076883066754772
0.004728495019633757
0.0
0.0
0.0038773659160996807
0.0
0.0
0.0
0.0
0.0
0.0
0.0
0.0
0.0
0.0
0.0
0.0
0.0
0.005863333824345859
0.0
4.483618612272889e-19
0.0
0.0036882261153143303
0.0
0.0
0.0
0.0
0.0
0.0
0.0
0.0
0.0
0.0
0.0
0.0
0.0
0.0
0.0004728495019633757
0.0061470435255238836
0.003404516414136305
0.0
0.0
0.0
0.0
0.0
0.0
0.0
0.0
0.0
0.0
0.0016076883066754772
0.0
0.0
0.0
0.0
0.0
0.0
0.0
0.0
0.0
0.0
0.0
0.0
0.0
0.0
0.0
0.0
0.0
0.00046339251192410816
0.0
0.0005579624123167833
0.007187312429843311
4.483618612272889e-19
0.002742527111387579
0.005957903724738534
0.0
0.0
0.0
0.0
0.0
0.0
0.001418548505890127
0.0
0.00046339251192410816
0.0
0.0
0.0
0.0003593656214921655
0.0
0.0
0.0
0.0
0.0
0.0010402689043194266
0.0
0.0
0.0
0.0
0.0003593656214921655
0.0
0.0
0.0006147043525523884
0.0
0.0
0.0
0.0006525323127094584
0.0
0.0
0.0
0.0
0.0036882261153143303
0.0
0.0
0.0
0.0
0.0
0.001985967908246178
0.0
0.0
0.0
0.0
0.0
0.0
0.0
0.0
0.0012294087051047768
0.0
0.0
0.0006714462927879935
0.0
0.0
0.0
0.0
0.0
0.0
0.0
0.0
0.0
0.0
0.0
0.0
0.0
0.0
0.0
0.0012294087051047768
0.0
0.0
0.0
0.0005579624123167833
0.0
0.0
0.0
0.0
0.0
0.0
0.0
0.0
0.0
0.0
0.0
0.0
0.0
0.0
0.0
0.0
0.0
0.0
0.0
0.0
0.0
0.0
0.0
0.005106774621204457
0.0
0.0
0.0
0.0
0.0
0.0
0.0
0.0
0.0
0.0
0.0
0.0
0.0005957903724738534
0.0
0.0
0.0
0.0
0.0
0.0
0.003404516414136305
0.0
0.007376452230628661
0.0
0.004917634820419107
0.0
0.0
0.0
0.0
0.0
2.2418093061364445e-19
0.0
0.0016076883066754772
0.0
0.0
0.0
0.0
0.0
0.0
0.000699817262905796
0.0
0.0
0.0
0.0
0.0
0.0
0.0
0.0
0.0
0.0
0.0016076883066754772
0.000349908631452898
0.0
0.0
0.0008038441533377386
0.0
0.0
0.0
0.0
0.0
0.0
0.0012294087051047768
0.0
0.0
0.0
-1.4011308163352778e-20
0.0
0.0
0.0008322151234555412
0.0
0.0
0.0
0.0
0.0
0.0
0.0
0.0
0.0011348388047121016
0.0
0.0
0.0
0.0008984140537304138
0.0
0.0
0.0
0.0
0.0
0.0
0.0
0.0
0.0
0.0
0.0
0.0
0.0
0.0
0.0
0.0
0.0038773659160996807
0.0
0.0
0.0
0.0
0.0
0.0
0.007092742529450635
0.0
0.0
0.0
0.0
0.0
0.0
0.0011348388047121016
0.0
0.0
0.0
0.0
0.0009078710437696813
0.0
0.0
0.0
0.0
0.0
0.0045393552188484065
0.0
0.0
0.0
0.0
0.0
0.0
0.0002175107709031528
0.0
2.2418093061364445e-19
0.0
0.0
0.0
0.0
0.0
0.0
0.0
0.0
0.0
0.0
0.0
0.0
0.0
0.0
0.0
0.0
0.0
2.2418093061364445e-19
0.0
0.0
0.0
0.0018926003303982863
0.0
0.0
0.0
0.0
0.0
0.0
0.0
0.0
0.0
0.000718731242984331
0.0
0.0002175107709031528
0.0
0.0
0.0
0.0
0.001418548505890127
0.0
0.0
0.0
0.0
0.0
0.0
0.0
0.0
0.0
0.0
0.0
0.0
0.005201344521597133
0.0
0.0
0.0
0.0
0.0032153766133509545
0.0
0.0047284950196337565
0.0
0.0
0.0
0.001985967908246178
0.0
0.0
0.0
0.005201344521597133
0.0
0.0
0.0
0.0
0.0
0.0
0.0
0.0
0.0
0.0
0.0
0.0
0.0
0.0016076883066754772
0.0
0.0
0.0
0.0
0.0
0.0
0.0
0.0
0.0
0.0
0.0
0.0
0.0
0.0
0.0
0.0
0.0
0.0016076883066754772
0.0
0.0
0.0
0.0
0.0
0.0
0.0
0.0
0.0
0.003404516414136305
0.0
0.0
0.0
0.0
4.483618612272889e-19
0.0
0.0
0.0
0.0
0.0
0.0
0.0
0.0006430753226701909
0.0
0.0
0.0
0.0
0.0
0.0
0.0
0.0
0.0
0.0
0.0
0.0
0.0
0.0
0.0
0.0
0.0
0.0
0.0
0.0
0.0018913980078535029
0.0010402689043194266
0.0
0.0
0.004161075617277707
0.0
0.0
0.0
0.0030262368125656045
0.0
0.0
0.0
0.0
0.0
0.0
0.0
0.0
0.0
0.0
0.0
0.0
0.0
0.000661989302748726
0.0
0.0
0.0
0.0
0.0
0.0
0.0
0.0
0.0036882261153143303
0.0
0.0
0.0
0.0
0.0
0.0
0.0
0.0
0.0
0.0
0.0
0.0
0.0
0.0
-5.604523265341111e-20
0.0
0.0
0.0
0.0
0.0
0.0
0.0
0.0008511291035340762
0.0
0.0
0.0018926003303982863
0.0
0.0
0.0
0.0
0.0
0.0
0.0
0.0
0.0
0.0
0.0
0.00330994651374363
0.0
0.0
0.0
0.0031208067129582795
0.0
0.0
0.0
0.0
0.0
0.0
0.0
0.0
0.0
0.0
0.0
0.0002742527111387579
0.0
0.0
0.0
0.0
0.0
0.0
0.0
0.0018913980078535029
0.0
0.0
0.0032153766133509545
0.0
0.0
-5.604523265341111e-20
0.0
0.0
0.0
0.0
0.0
0.0
0.0
0.0
0.0
0.0
0.0
0.0
0.0
0.0
0.0
0.0
0.0
0.0010402689043194266
0.0
0.0
0.0
0.0
0.000661989302748726
0.0
0.0
0.0
0.0
0.0018926003303982863
0.0
0.0
0.0
0.0
0.0037827960157070053
0.0
0.0
0.0
0.0
0.0
0.0
0.0
0.0
0.0
0.0
0.0
0.0
0.0
0.0
0.0043502154180630566
0.0
0.0005106774621204457
0.0
0.0
0.0
0.004444785318455732
0.0
0.000718731242984331
0.0
0.0
0.0
0.0
0.00349908631452898
0.0
0.0
0.0
0.0
0.0
0.0
0.0
0.0008984140537304138
0.0
0.0
0.0
0.0
0.0
0.001418548505890127
0.0
0.0012294087051047768
0.0
0.0
0.0
0.0
0.0
0.0038773659160996807
0.0
0.0
0.0
0.0
0.0008700430836126113
0.0
0.0009456990039267514
0.0
0.0
0.0
0.0
0.0
0.0
0.0
0.0
0.0
0.0
0.0
0.0
0.0
0.0
0.0
0.0
0.0
0.0
0.0
0.0
0.0
0.0
0.0
0.0
0.0
0.0
0.0
0.0
2.2418093061364445e-19
0.0
0.0
0.000718731242984331
0.0
2.2418093061364445e-19
0.0
0.0
0.0
0.0
0.0
0.0
0.0
0.0
0.0
0.0
0.0
0.0
0.0
0.0
0.0016076883066754772
0.0
0.0
0.0
0.0
0.0012294087051047768
0.0
0.0
0.0
0.0
0.0
0.0
-2.8022616326705556e-20
0.0
0.0
0.0
0.0
0.0
0.0
0.0
0.0
0.0
0.0
0.0
0.0
0.0
0.0012294087051047768
0.0
0.0011348388047121016
0.0
0.0
0.0
0.0
0.0013239786054974518
0.0
0.0
0.0022696776094242033
0.0
0.0
0.0
0.0
0.004161075617277707
0.0
0.0
0.0
0.0
0.0
0.0
0.0
0.0
0.0
0.0
0.0038773659160996807
0.0
0.0
0.0022696776094242033
0.0010402689043194266
0.0
0.0
0.0
0.0
0.0
0.0
0.0
0.0
0.0
0.0
0.0
0.0
0.0
0.0
0.0012294087051047768
0.0
0.0
0.0
0.0
0.0
0.0
0.0
0.0
0.0
0.0
0.0
0.001323978605497452
0.0
0.0
0.0
0.0
0.0
0.0
0.0
0.0
0.0
0.0
0.0
0.0
0.0
0.0038773659160996807
0.0
0.0
0.0
0.0
0.000349908631452898
0.0
0.0
0.0
0.004161075617277707
0.0
0.0
0.0002742527111387579
0.0
0.0
0.0
0.0
0.0
0.0
0.0
0.0009267850238482163
0.0
0.0
0.0010402689043194266
0.0
0.0
0.0
0.0
0.0
0.0
0.0
0.006052473625131209
0.0
0.0
0.0
0.0
0.0
0.0
0.0
0.0009456990039267514
0.0
0.0
0.0
0.0
0.0
0.0
0.0
0.0
0.0
0.001985967908246178
0.0
0.0
0.0
0.0
0.0
0.0
0.0
0.0
0.0
0.0
0.0004255645517670381
0.0
0.0
0.0
0.0
0.0
0.0
0.0
0.0
0.0
0.0031208067129582795
0.0
0.0
0.0
0.0
0.0
0.0
0.0007376452230628661
0.0
0.0
0.0
0.0008795000736518788
0.0
0.0
0.0008889570636911463
0.0007092742529450635
0.0
0.0
0.0
0.0
0.0
0.0
0.0
0.0
0.0
0.0
0.0
0.0
0.0
0.0
0.0
0.0
0.0
0.0
0.0
0.0
0.0
0.0
0.0
0.0
0.0
0.0
0.0
0.0
0.0
0.0
0.0007092742529450635
0.0
0.0
0.0022696776094242033
0.0
0.0
0.0
0.0
0.0
0.00330994651374363
0.0
0.0031208067129582795
0.0
0.0
0.0
0.0
0.0
0.003971935816492356
0.0
0.00037827960157070056
0.0
0.0
0.0
0.0
0.0
0.0
0.0
0.0
0.0
0.0
0.0
0.0
0.0
0.0
0.0
0.0030262368125656045
0.0
0.00022696776094242033
0.0
0.0
0.0
0.0
0.005863333824345859
0.0
0.0
0.0
0.0
0.0
0.0012294087051047768
0.0
0.0
0.0
0.0
0.0
0.0
0.0
0.0
0.0
0.0
0.0
0.0
0.0
0.0
0.0022696776094242033
0.0
0.0006430753226701909
0.0
0.0
0.0
0.0
0.007849301732592037
0.0
0.0
0.0
0.0
0.0
0.0010402689043194266
0.0
0.0
0.0
0.0
0.0
0.0
0.0
0.0
0.0
0.0
0.0
0.0
0.0010402689043194266
0.0
0.0
0.0
0.0
0.0
0.0
0.0
0.0
0.0
0.0012294087051047768
0.0
0.0
0.0
0.0
0.0
0.0
0.0
0.0006525323127094584
0.0
0.0
0.0
0.0
0.0
0.0
0.0
0.0
0.0
0.0
0.0
0.0
0.0
0.001418548505890127
0.0
0.0
0.0
0.0
0.0
0.0
0.0031208067129582795
0.0
0.0
0.0
0.0
0.0
0.0
0.0
0.0
0.0
0.0
0.0
0.0
0.0
0.0
0.0
0.0
0.0005012204720811782
0.0
0.0
0.004444785318455732
0.0
0.0
0.0
0.0
0.0
0.0
0.0
0.0
0.0
0.0
0.0
0.0
0.0
0.0
0.0
0.0
0.0
0.0
0.0
0.0
0.0
0.0036882261153143303
0.0
0.0
0.0
0.0
0.0
0.0
0.0
0.0
0.0
0.0008700430836126113
0.0
0.0
0.0
0.0
0.0
0.0
0.0
0.0
0.0
0.005201344521597133
0.0
0.0
0.0
0.0
0.0
0.0
0.0
0.0
0.0
0.001418548505890127
0.0
-1.4011308163352778e-20
0.0
0.0
0.0
0.0
0.0031208067129582795
0.00680903282827261
0.0
0.0
0.0
0.0
0.0
0.0
0.0012294087051047768
0.0
0.0
0.0
0.0
0.0
0.0
0.0
0.0
0.0
0.0
0.0
0.0
0.001985967908246178
0.0
0.0
0.0
0.0
0.0
0.0
0.0
0.000661989302748726
0.0
0.0
0.0
0.0
0.0
0.00349908631452898
0.0
0.0012294087051047768
0.0
0.0
0.0
0.0
0.0
0.0
0.0
0.0
0.0
0.0004917634820419107
0.0
0.0
0.0
0.0
0.0
0.0
0.005012204720811783
0.0
0.0
0.0
0.0010402689043194266
0.0
0.0
0.0
0.0
0.00349908631452898
0.0
0.0
0.0
0.0
0.0
0.0
0.0
0.0
0.0
0.0
0.0
0.0
0.0
0.0
0.0
0.0
0.0
0.0
0.0
0.0
0.0
0.0
0.0
0.0
0.0
0.0
0.0
0.0
0.0
0.0
0.0
0.0
0.0
0.0
0.0
0.00349908631452898
0.0
0.0
0.0
0.0
0.0004823064920026432
0.0
0.0
0.0
0.0
0.0
0.0
0.0
0.0
0.0
0.0
0.0
0.0
0.0
0.004633925119241082
0.0
0.0
0.0
0.0
0.0
0.0
0.0
0.0
0.0
0.0043502154180630566
0.0
0.0
0.0
0.0
0.0
0.0
0.0
0.0
0.0
0.0
0.0
0.0
0.007471022131021336
0.0
0.0
0.0
0.0
0.0
0.0
0.0
0.0
0.0
0.0
0.0
0.00013239786054974518
0.0
0.0
0.012294087051047769
0.0011348388047121016
0.0
0.0
0.0
0.0
0.0
0.0
0.0
0.0
0.0
0.0
0.0
0.0
0.0
0.005674194023560508
0.0009078710437696813
0.0
0.0
0.0
0.0005012204720811782
0.0
0.0
0.0
0.0
0.0
0.0
0.0
0.0
0.0
0.0
0.0
0.0043502154180630566
0.0
0.0009267850238482163
0.0
0.0
0.0
0.0
0.0
0.0
0.0
0.0
0.0
0.0
0.0
0.0
0.0
0.0
0.0
0.0
0.0
0.0
0.0006525323127094584
0.0
0.0
0.0
0.0006052473625131209
0.0
0.0
0.0
0.0
0.0
0.0
0.0
0.0
0.0
0.0
0.0
0.0
0.0
0.0
0.0
0.0
0.0
0.0
0.0
0.0
0.0
0.0
0.0
0.007376452230628661
0.0
-2.2418093061364445e-19
0.0
0.0
0.0
0.0020805378086388533
0.0006714462927879935
0.0
0.0
0.0
0.0
0.0
0.0
0.0
0.0
0.0
0.0
0.0
0.0
0.0
0.0009078710437696813
0.0
0.0
0.0
0.0
0.0
0.0
0.0
0.0015131184062828023
0.0
0.0
0.0
0.0
0.0
0.0
0.0
0.005106774621204457
0.0
0.0
0.0
0.0
2.2418093061364445e-19
0.0022696776094242033
0.0
0.0
0.0
0.0
0.0
0.004917634820419107
-5.604523265341111e-20
0.0
0.0
0.0
0.0016076883066754772
0.0
0.0
0.0
0.0
0.0
0.0
0.0
0.0
0.0016076883066754772
0.00046339251192410816
0.0
0.0
0.0005485054222775158
0.0
0.0038773659160996807
0.0
0.0
0.0
0.000718731242984331
0.0038773659160996807
0.0031208067129582795
0.0
0.0
0.0
0.0
0.0
0.0
0.0
0.0
0.0
0.0
0.0
0.003215376613350955
0.006998172629057961
0.0
0.0
0.0
0.0
0.0
0.0
0.0020805378086388533
0.0
0.0
0.004161075617277707
0.0
0.0
0.0
0.0
0.0
0.001985967908246178
0.0003404516414136305
0.0
0.0
0.0
0.0
0.0
0.0002175107709031528
0.0
0.0
0.0
0.0
0.0
0.0
0.0
0.0
0.0
0.002742527111387579
0.0024588174102095537
0.0
0.0
0.0
0.0
0.0
0.004255645517670381
0.0004255645517670381
0.0011348388047121016
0.0
0.0
0.005106774621204457
0.0
0.0
0.0
0.0
0.0
0.0
0.0
0.0
0.0
0.0
0.0
0.0
0.0
0.0
0.0
0.0
0.0
0.0
0.0002931666912172929
0.0
0.0
0.0
0.0
0.0
0.001985967908246178
0.0
0.0
0.0
0.0
0.0
0.0
0.0
0.007281882330235986
0.0
0.0
0.003971935816492356
0.001418548505890127
0.0
0.0
0.0
0.0
0.0036882261153143303
0.0
0.0016076883066754772
0.0
0.0
0.0
0.0
0.0
0.0
-2.2418093061364445e-19
0.0
0.0
0.0
0.0
0.002742527111387579
0.0
0.0
0.0
0.0
0.0
0.0
0.0
0.0
0.0007092742529450635
0.0
0.004255645517670381
0.0
0.0
0.0
0.0
0.0010402689043194266
0.0
0.0
0.0
0.0
0.0
0.0
0.0
0.0
0.0034990863145289803
0.0
0.0
0.0
0.0
0.0
0.0
0.0
0.0
0.0
0.0
0.0
0.0
0.0
0.0
0.0
0.0
0.0
0.0
0.001323978605497452
0.0
0.0
0.0
0.0
0.0
0.0
0.0
0.0
0.0
0.0009456990039267514
0.0
0.0
0.0
0.0
0.0
0.0
0.0
0.0
0.0016076883066754772
0.0
0.0
0.0
0.0
0.0
0.0
0.0
0.0
0.0009173280338089488
0.0
0.0
0.0
0.0023642475098168787
0.0
0.0020805378086388533
0.0
0.0
0.0
2.2418093061364445e-19
0.0
0.0
0.0
0.0
0.0
-2.2418093061364445e-19
0.0
0.0
0.0
0.0
0.0
0.0
0.0
0.0
0.0
0.0010402689043194266
0.0
0.0
0.0
0.0
0.0
0.0
0.0
0.0
0.0007376452230628661
0.0
0.0
0.0
0.0038773659160996807
0.0
0.0
0.0
0.0
0.0
0.000699817262905796
0.0
0.0
0.0
0.0
0.0
0.0
0.0
0.0
0.0
0.0
0.0
0.0
0.0
0.0
0.0
0.0
0.0
0.0
0.0
0.0
0.0
0.0
2.2418093061364445e-19
0.0
0.005579624123167834
0.0
0.0
0.0
0.0
0.0
0.0
0.0
0.0
0.0
0.0
0.0
0.0
0.0
0.0
0.0
0.0
0.0
0.0004917634820419107
0.0
0.0
0.0
0.0
0.0
0.0
0.0
0.0
0.0
0.0
0.0
0.0
0.0
0.0
0.0
0.0
0.0
0.0
0.0
0.0
0.0
0.0
0.0
0.0005012204720811782
0.00044447853184557317
0.0
0.0
0.001323978605497452
0.0
0.0
0.0006430753226701909
0.0
0.0
0.0
0.0
0.0
0.0
0.0
0.00045393552188484066
0.0
0.0
0.0
0.0
0.0
0.0
0.0
0.0
0.0
0.0
0.0
0.0
0.0
0.0
0.0
0.0
0.006241613425916559
0.0
0.0
0.0
0.0
0.003971935816492356
0.0
0.0
0.0
0.0
0.0
0.0
0.0
0.0
0.002742527111387579
0.0
0.0
0.0
0.005012204720811782
0.0
0.0
0.0
0.0
0.001323978605497452
0.0
0.0
0.0
0.0018913980078535029
0.0
0.0
0.0024588174102095537
0.0
0.0
0.0007660161931806686
0.0
0.0
0.0
0.0
0.0
0.0
0.0
0.0
0.0
0.0
0.0
0.0
0.0
0.0
0.0
0.0
0.0
0.0
0.0
0.0
0.0
0.0
0.0
0.0
0.0
0.0
0.0
0.0
0.0
0.0
0.0
0.0
0.0011348388047121016
0.0
0.0
0.0
0.0011348388047121016
0.0
0.0010402689043194266
0.0
0.0016076883066754775
0.0
0.0
0.0
0.0
0.0
0.0
0.0
0.000349908631452898
0.0
0.0
0.0018913980078535029
0.0
0.0
0.0
0.0
0.0
0.0
0.0
0.005957903724738534
0.0
0.0
0.0
0.0
0.0
0.0
0.0
0.0
0.0
0.0
0.0
0.0
0.0009456990039267514
0.0
0.0021751077090315283
0.0
0.0
0.0
0.0
0.0
0.0
0.005485054222775158
0.0
0.0
0.0
0.0
0.0
0.0
0.0
0.0
0.0
0.0
0.0
0.0
0.0
0.0
0.0
0.0
0.0
0.0
0.0010402689043194264
0.0
0.0
0.0
0.0
0.004728495019633757
0.0
0.0
0.0
0.0
0.0
0.0
0.005485054222775158
0.0
0.0004350215418063056
0.0
0.005295914421989807
0.0
0.0
0.0
0.0
0.0
0.0
0.0
0.0
0.0
0.0
0.0011348388047121016
0.0
0.0
0.0
0.0
0.0
0.0
0.005390484322382483
0.0
0.0
0.0
0.0
0.0007849301732592036
0.0
0.0
0.0
0.0
-2.2418093061364445e-19
0.0
0.00046339251192410816
0.0
0.0
0.0
0.0
0.0
0.0
0.0
0.0
0.0
0.0
0.0005863333824345858
0.0
0.0
0.0037827960157070053
0.0
0.0
0.0
0.0
0.0
0.0
0.007092742529450635
0.0
0.0
0.0
0.0
0.0
0.0
0.0
0.0
0.0
0.0
0.0
0.0006430753226701909
0.0
0.0
0.0
0.0
0.0
0.0
0.004444785318455732
0.0
0.0031208067129582795
0.0
0.0
0.0
0.0
0.0
0.0
0.0
0.0
0.0
0.0
0.0
0.0
0.0
0.0006430753226701909
0.0022696776094242033
0.0
0.0
0.0
0.0018926003303982863
0.0
0.0
0.0
2.2418093061364445e-19
0.0
0.0025533873106022287
0.0
0.0008227581334162737
0.0
0.0022696776094242033
0.0
0.0010402689043194266
0.0010402689043194266
0.0
0.0
0.0
0.0
0.0
0.0
0.0
0.0
0.0
0.0
0.0
0.0
0.0
0.0
0.0
-2.8022616326705556e-20
0.0
0.0
0.0
0.0
0.0
0.0
0.0
0.0
0.0
0.0
0.0
0.0
0.0
0.0
0.0008133011433770061
0.0
0.0
0.0
-2.2418093061364445e-19
0.003404516414136305
0.0
0.0
0.0
0.0
0.0
-4.483618612272889e-19
0.0
0.0
0.0012294087051047768
0.0
0.0
2.2418093061364445e-19
0.0
0.0
0.0
0.0
0.0
0.0
0.0
0.0
0.004633925119241082
0.0009267850238482163
0.0
0.0
0.0
0.0
0.0
0.0
0.008322151234555413
0.0018913980078535029
0.0
0.0
0.0
0.0
0.0
0.0
0.0
0.0
0.0
0.0
0.0
0.00022696776094242033
0.0
0.0
0.0
0.0
0.0
0.0
0.0
0.0
0.0
0.0
0.002080537808638853
0.0
0.0
0.0
0.0
0.0
0.0018913980078535029
0.0
0.0
0.0
0.0011348388047121016
0.0010402689043194266
0.0
0.0
0.0
0.0
0.0
0.0
0.0
0.0
0.000661989302748726
0.0
0.0
0.0038773659160996807
0.0
0.0
0.0
0.0
0.0
2.2418093061364445e-19
0.0
0.007092742529450635
0.0
0.0
0.0
0.0
0.0
0.0
0.0
0.0
0.0
0.0
0.0
0.0
0.0
0.0
0.0
0.0
0.0
0.0
0.0
0.0
0.0
0.0
0.0
0.0
0.0
0.0016076883066754772
0.0
0.0
0.0
0.0
0.0
0.005390484322382483
0.0038773659160996807
0.0
0.0
0.0
0.0
0.0
0.0
0.0
0.0
0.0
0.0
0.0
0.0011348388047121016
0.0007281882330235986
0.0
0.0
0.0
0.0
0.0
0.0
0.0
0.0
0.0
0.0
0.0
0.0
0.0
0.0
0.0
0.0
0.0006052473625131209
0.0
0.0
0.0016076883066754772
0.0
0.0
0.0
0.0
0.0011348388047121016
0.0
0.0
0.0
0.0
0.0
0.0
0.0
0.0
0.0
0.0
0.0
0.0
0.0
0.0
0.0
0.0
0.0
0.0
0.0
0.0
0.0
0.0
0.0
0.0
0.0
0.0
0.004633925119241082
0.0
0.0
0.0
0.0
0.0
0.0
0.00038773659160996806
0.0
0.0
0.0
0.0
0.0
0.0
0.0
0.0
0.0
0.0
0.0
0.0012294087051047768
0.0
0.0
0.0
0.0
0.0
0.0
0.0
0.0015131184062828023
0.0
0.0005390484322382483
0.0
0.0
0.0
0.0
0.0
0.0
0.0031208067129582795
0.0
0.0003404516414136305
0.0
0.0
0.0
0.0
0.0
0.0
4.483618612272889e-19
0.0
0.0
0.0004350215418063056
0.0
0.0
0.0
0.0
0.0
0.0010402689043194266
0.0
0.0
0.0
0.0
0.0
0.0
0.0
0.0
0.0
0.0
0.0
0.0
0.0
0.0018926003303982863
0.0
0.0
0.0012294087051047768
0.0
0.0
0.0
0.0
0.0
0.0
0.0
0.0
0.0011348388047121016
0.0
0.0
0.0
0.0
0.004823064920026432
0.0
0.0
0.0
0.0009456990039267514
0.0
0.0
0.0
0.0
2.2418093061364445e-19
0.0
0.0
0.0
0.0
0.001985967908246178
0.0
0.0
0.0
0.0
0.0018913980078535029
0.0
0.0
0.0
0.0
0.0
0.0012294087051047768
0.0
0.0
0.0018913980078535029
0.0
0.0006147043525523884
0.0
0.0
0.0
0.0
0.0
0.0
0.0
0.0
0.0
0.0
0.0
0.0
2.2418093061364445e-19
0.0018926003303982863
0.001418548505890127
0.0
0.0
0.0
0.0
0.0
0.0
0.0
0.0
0.0
0.0
0.0
0.0
0.0018913980078535029
0.0
0.001418548505890127
0.0
0.0
0.0
0.0
0.0
0.0
0.0
0.0
0.003404516414136305
0.003215376613350955
0.0
2.2418093061364445e-19
0.0
0.0
0.0
0.0
0.0
0.0
2.2418093061364445e-19
0.0
0.0
0.0
0.0
0.0
0.0
0.0
0.0
0.0
0.0
0.0
0.0
0.0
0.0
0.001323978605497452
0.0
0.0
0.004444785318455732
0.0
0.0
0.0
0.0
0.0
0.0
0.0
0.0
0.0
0.0
0.0
0.0
0.0
0.0
0.0
0.0037827960157070057
0.0
0.0
0.0
0.0
0.0
0.004728495019633757
0.0
0.0
0.0
0.0
0.0017022582070681525
0.0
0.0020805378086388533
0.0
0.0
0.0
0.0
0.0036882261153143303
0.0
0.0
0.0
0.0
0.0
0.0
0.0
0.0
0.0
0.0
0.0
0.0
0.0
0.00044447853184557317
0.0
0.0017022582070681525
0.0
0.0
0.0
0.0011348388047121016
0.0
0.0
0.0
0.0
0.0
0.0
0.0
0.0
0.0
0.0
0.0
0.000661989302748726
0.0
0.0
0.0
0.0002647957210994904
0.0
0.0
0.0
0.0
0.0
0.0
0.0
0.0
0.0
0.0
0.0
0.0
0.0
0.0
0.0
0.0
0.0
0.0
0.0
0.0
0.0
0.0043502154180630566
0.0
0.0
0.003404516414136305
0.0
0.0
0.0010402689043194266
0.0
0.0
0.0011348388047121016
0.0
0.0
0.0
0.0
0.0
0.0
0.0
0.0
0.0
0.0
0.0
0.0
0.0015131184062828023
0.0
0.0
0.0
0.0
0.0
0.0010402689043194266
0.0
0.0
0.006052473625131209
0.0
0.0007849301732592036
0.0016076883066754772
0.0
0.0
0.0
0.0
0.0005295914421989808
0.0
0.0
0.0
0.0
0.0
0.0
0.0
0.0
2.2418093061364445e-19
0.0010402689043194266
0.0
0.0
0.0
0.0
0.0
0.0
0.0
0.004633925119241082
0.0
0.0
0.0
0.0
0.0
0.0010402689043194266
0.0
0.0
0.0
0.0
0.0
0.0
0.0
0.00046339251192410816
0.0
0.0
0.0
0.0
0.0
0.0
0.0
0.0
0.0
0.0
0.0009078710437696813
2.2418093061364445e-19
0.0
0.0
0.0
0.0
0.0007849301732592036
0.0
0.0
0.0
0.0
0.0
0.0
0.0
0.0
0.0
0.0011348388047121016
0.0
0.002742527111387579
0.0
0.0
0.0030262368125656045
0.002647957210994904
0.0
0.005012204720811783
0.0
0.0
0.0
-2.2418093061364445e-19
0.0
0.0043502154180630566
0.0
0.0008700430836126113
0.0
0.004066505716885031
0.0
0.0
0.0
0.0
0.0
0.0
0.0
0.0
0.0008605860935733437
0.0018913980078535029
0.0
0.0
0.0
0.0
0.0
0.0
0.0
0.0
0.0
0.0
0.0
0.0
0.0
0.0
0.0
0.0
0.0
0.0034990863145289803
0.0
0.0
0.0
0.0
0.0
0.0008889570636911463
0.0
0.0
0.0
0.0
0.0
0.0
0.0
0.0
0.0
0.0
0.0
0.0
0.0031208067129582795
0.0008038441533377386
0.0
0.0
0.007471022131021336
0.0
0.0
0.0
0.0
0.0
0.0
0.0
0.0
0.0
0.0
0.0
0.0
0.0
0.0
0.0
0.0
0.0
0.0
0.0
0.0
0.0
0.0
0.0
0.0
0.00045393552188484066
0.00699817262905796
0.0
0.0
0.0
0.0
0.0
0.0
0.0
0.0
0.004823064920026432
0.001418548505890127
0.0
0.0
0.0
0.0
0.0
0.0
0.0
2.2418093061364445e-19
0.0
0.0
0.0
0.0
0.0
0.0
0.0
0.0
0.0
0.0011348388047121016
0.0
0.0
0.0
0.0030262368125656045
0.0
0.0
0.0
0.0
0.0
0.0
0.0009456990039267514
0.0
0.0
0.0
0.0
0.0
0.0005295914421989808
0.0
0.0
0.0
0.004066505716885031
0.0030262368125656045
0.002837097011780254
0.0020805378086388533
0.0
0.0
0.004728495019633757
0.001323978605497452
0.0
0.0
0.0
0.0
0.0
0.0016076883066754772
0.0
0.0
0.0
0.0
0.0
0.0
0.0
0.0
0.0
0.0
0.0
0.0
0.0
0.0
0.0
0.0
0.0
0.0016076883066754772
0.001323978605497452
0.0
0.0029316669121729295
0.0
0.0
0.0
0.0
0.0
0.0
0.0
0.0
0.0
0.0
0.0
0.0
0.0
0.0
0.0005295914421989808
0.0
0.0
0.0
0.0011348388047121016
0.003404516414136305
0.0
0.0038773659160996807
0.0
0.0
0.0
0.0
0.0
0.0
0.010402689043194266
0.0037827960157070057
0.0
0.0
0.0018913980078535029
0.0
0.0
0.0
0.0
0.0
0.0
0.0
0.0
0.0
0.0
0.0
0.0
0.0
0.0
0.0
0.0038773659160996807
0.0
0.0
0.0
0.0
0.0
0.0
0.0
0.0
0.0
0.0
0.0
0.0018913980078535029
0.0
0.0
0.005485054222775158
0.005012204720811782
0.0
0.009456990039267513
0.00038773659160996806
0.004823064920026432
