0.0
0.0
0.0043562565538567055
0.000871251310771341
0.0
0.00025659506077663576
0.0
0.0
0.0027805892896957695
0.0
0.0
0.0
0.0
0.0
0.0
0.0
8.103001919262182e-05
0.0
0.0
0.00011479252718954757
0.0
0.0013902946448478848
0.0
0.00021608005118032482
9.268630965652564e-05
0.003429393457291449
0.0
0.0
0.0
0.0
0.0
0.0
0.0
0.001575667264160936
0.0
0.0
0.0
0.0
0.0
0.0
0.0
0.00024309005757786544
0.0020390988124435643
1.2829753038831787e-05
0.0014829809545044103
0.0
0.0
0.0
0.0
0.0
0.0
0.0
0.0
0.0
0.0013902946448478848
0.0
0.00016206003838524364
0.00020257504798155452
0.0
0.0021317851221000898
0.0
0.0
0.001297608335191359
0.0
0.0
0.0
0.0
0.0
0.0
0.0
0.0
0.0
0.0
0.0
0.0
0.0
0.0
0.0
0.00013505003198770302
0.0
0.0
0.00027685256557479117
0.0
0.0033367071476349233
0.003985511315230603
0.0
0.0
0.0
0.0
0.0
0.0
0.0
0.0
0.0
0.0
0.0
0.00024309005757786544
0.0
0.0
0.0
0.0
0.0
0.0
0.0
0.0029659619090088205
0.0
0.0
0.0027805892896957695
0.00029659619090088206
0.0
0.0
0.0
0.0
0.0
0.0
0.0
0.0
0.0
0.0
0.0
0.0
0.0
0.0
0.00018907004478278423
0.0
0.0
0.0
0.0
0.0
0.0
0.0
0.0
0.0
0.0
0.0
0.0
0.0
0.0
0.0
0.0
0.00018907004478278423
0.0
0.0
0.0
0.0
0.0
0.0
0.0
0.0
0.0
8.103001919262182e-05
0.0
0.00028360506717417636
0.0
0.0
8.103001919262182e-05
0.0
0.0
0.0
0.0
0.0
0.0
0.0
0.0
0.00011479252718954757
0.0
0.0
0.0
0.0
0.0
0.0
0.0
0.0
0.0
0.003244020837978398
0.0
0.0
0.0
0.0
0.0
0.0
0.0
0.0
0.0
0.0
0.0
0.0
0.0
0.0
0.0
0.0
0.00010804002559016242
0.00014829809545044103
0.00013505003198770302
0.0021317851221000898
0.00013505003198770302
0.0
0.0006024610127674167
0.0
0.0
0.0
0.00011479252718954757
0.0
0.0
0.0
0.0
0.0
0.0
0.0
0.0
0.0
0.0
2.7010006397540606e-05
0.00022283255277970998
0.0
0.0
0.00012154502878893272
0.0
0.0
0.0
0.00018537261931305128
0.0
0.0
0.0
0.00014829809545044103
0.0
0.0
0.00012154502878893272
0.0
0.0
0.0
0.0
0.0
0.0
-1.4591083931866625e-20
0.0
0.0
0.0
0.0
0.0
0.0
0.0
0.0
0.0
0.0
0.0
0.0
0.0
0.0
0.0
0.0
0.0
0.0013902946448478848
0.0
0.0
0.0
0.0
0.0
0.0
0.0
0.0
0.0
0.0
0.0
0.0
0.0
0.0
0.0027805892896957695
0.0
0.003151334528321872
0.0014829809545044103
0.0
0.0
0.0
0.0
0.0
0.0022244714317566157
0.0
0.0
0.0
0.0
0.0
0.0
0.0
0.0
0.0
0.0
0.0
0.0
0.0
0.0
0.0
0.0020390988124435643
0.0
0.0
0.002317157741413141
0.0030586482186653464
0.0
0.0
0.0
0.0
0.0
0.0
0.0
0.0
0.0018537261931305129
0.0
0.0
0.0
0.0
0.0
0.0
0.0022244714317566157
0.0
0.0
0.0
0.00013505003198770302
0.0
0.0
0.0
0.0
0.0
0.0
0.0
0.0
0.0
0.0
0.0
0.0
0.0
0.0
0.0
0.0
0.0
0.0
0.0
0.0
0.0
0.0
0.0
0.0
0.0003429393457291449
0.0
0.001297608335191359
0.00022283255277970998
0.0
0.0
0.0008341767869087308
0.0
0.0
0.0011122357158783079
0.0
0.0
0.0
0.0
0.0
0.0
0.0
0.0
0.0018537261931305129
0.0
0.0
0.0007507591082178578
0.0005283119650421962
0.0
0.0020390988124435643
0.0003429393457291449
0.0
0.00020257504798155452
0.0013902946448478848
0.0
0.0016683535738174617
0.0008619826798056885
0.00018537261931305128
0.0
0.0
0.0
0.0
0.0016683535738174617
0.0
0.0
0.0008619826798056885
0.0
0.0
0.0
0.0
0.0
0.001297608335191359
0.0
0.0
0.0
0.0
0.0
0.0021317851221000898
0.0
0.0
0.0
0.0
0.0012049220255348333
0.0011122357158783079
0.0
0.0
0.0006209982746987219
0.0
0.0
0.0
0.0
0.0
0.0
0.0
0.0
0.0
0.0
0.0
0.0013902946448478848
0.0
0.0
0.0001958225463821694
0.0
0.0
0.0
0.0
0.0010195494062217821
0.0
0.00016206003838524364
0.0
0.0003892825005574077
0.0
0.00024309005757786544
0.0
0.0
0.0
0.0
0.0010195494062217821
0.0
0.0
0.0
0.0
0.0
0.0
0.0
0.0
0.0
0.00016206003838524364
0.0
0.0
0.0
0.0
0.0
0.0
0.0
0.0
-1.4591083931866625e-20
0.0
0.0
0.0
0.0002873275599352295
0.0
0.0
0.0
0.0
0.0
0.0
0.0005283119650421962
0.0
2.918216786373325e-20
0.0
0.0
0.0
2.918216786373325e-20
0.0
0.0
0.00036147660766045
0.0
0.0
0.0
0.0
-4.66914685819732e-19
0.0
0.00025659506077663576
0.0
0.0
0.0
0.0
0.0010195494062217821
0.0
0.00025659506077663576
0.0
0.0
0.0014829809545044103
0.0
0.0
0.0010195494062217821
0.0
0.0
0.0
0.0
0.0
0.0013902946448478848
0.0
0.0
0.00035220797669479746
0.0
0.0005375805960078487
0.0
0.0
0.0
0.0
0.0
0.0
0.0
0.0
0.0
0.0
0.0
4.4566510555942e-05
0.0
0.0
0.0
0.0
0.0
0.0
0.0003429393457291449
0.0009268630965652564
0.0
0.0
0.001297608335191359
0.0
0.0
0.0
0.0
0.0007785650011148154
0.0
0.0022244714317566157
0.0
0.0
0.0
0.0
0.0
0.0
0.0
0.0
0.0
0.0
0.0
0.0
0.0
0.00018907004478278423
0.0
0.0
0.0006302669056643744
0.0
0.0
0.0
0.0
0.0
0.0
0.0
0.0
0.0
0.0
-1.4591083931866625e-20
0.0
0.0
0.006488041675956796
0.0
0.0
0.0008434454178743834
0.0
0.0
0.0
0.0
0.0
0.0007971022630461205
0.0
0.0
0.0
0.0
0.0
0.0
0.0
0.0
0.0
0.0
0.0
0.0
0.0
0.0
0.0017610398834739874
0.0
0.0
0.0
0.0
0.00011479252718954757
0.0
0.00018907004478278423
0.0
0.0
0.0
0.0
0.0
0.0
0.0
0.00025025303607261926
0.00036463508636679813
0.0
0.0
0.0
0.001575667264160936
0.0
0.0
0.002317157741413141
0.0
0.0
0.0
0.0
0.0
0.0
0.0
0.0
0.0
0.0022244714317566157
0.0003429393457291449
0.0
0.0
0.001297608335191359
0.0
0.0
0.0
0.0
0.0
0.0
0.0
0.0
0.0
1.4591083931866625e-20
0.0020390988124435643
0.0
0.0
0.0
0.0
0.0
0.0
0.0
0.0
0.0
0.0
0.001575667264160936
0.0
0.0
0.00020257504798155452
0.0027805892896957695
0.0
0.0
0.0
0.0
0.0012049220255348333
0.0
0.0
0.0
0.0026879029800392436
0.0
0.0
0.0
0.0
0.0
0.0
0.0
0.0
0.0
0.0
0.00022283255277970998
0.0
0.0
0.0
0.0
0.0005190433340765436
0.0
0.0
0.0
0.0033367071476349233
0.0
0.00020257504798155452
0.0
0.0019464125027870386
6.684976583391299e-05
0.0
0.0
0.0
0.0
0.0
0.0
0.0
0.0006858786914582898
0.0
0.0
0.0
0.0
0.0
0.0
0.0
0.0
0.0
0.0
0.0
0.0
2.918216786373325e-20
0.0
0.003151334528321872
0.0
0.0
0.0
0.0
0.0
0.0
0.0014829809545044103
0.0
0.0
0.0020390988124435643
0.0
0.0
0.0
0.0
0.00042635702442001797
0.0013902946448478848
0.0
0.0
0.0
0.0005190433340765436
0.0001958225463821694
0.0
0.0
0.00010804002559016242
0.0
0.0012049220255348333
0.0
0.0
0.0
0.0
0.0
0.0
0.0
0.0
0.0
0.0
0.0
-4.66914685819732e-19
0.0003892825005574077
0.0
0.0
0.0
0.0
0.0
0.0
0.0
0.00042635702442001797
0.0
0.0
0.0
0.0
0.0
0.0
0.0
0.0
0.0
0.00018907004478278423
0.0
0.0
0.0
0.0
0.00013505003198770302
0.0
0.0
0.0
0.0
0.0
0.0
0.0
0.0
0.0
0.0002317157741413141
0.0024098440510696667
0.0
0.0
0.0
0.00025025303607261926
0.0
0.0
0.0
0.0
0.0
0.0
0.0026879029800392436
0.0024098440510696667
0.0
0.0
0.0
0.0004727001792482808
0.0
0.0
0.0
0.0
0.00020257504798155452
0.0
0.0
0.0
0.0
0.0
0.0
0.0
0.0
0.0005931923818017641
0.0
0.0
0.0
0.0
0.0
0.0
0.0012049220255348333
0.00025659506077663576
0.0
0.0
8.103001919262182e-05
0.0
0.0019464125027870386
0.0
0.0022244714317566157
0.0020390988124435643
0.0
0.0
0.0
0.0
0.0
0.0
0.0
0.0
0.0
0.0002873275599352295
0.0
0.002317157741413141
0.0
3.713875879661833e-05
0.0014829809545044103
0.0012049220255348333
0.0024098440510696667
0.0
0.0038001386959175517
0.0
0.0
0.0
0.0
0.0
0.0
0.0
0.0004727001792482808
0.0012049220255348333
-1.4591083931866625e-20
0.0
0.0
0.0
0.0
0.00018907004478278423
0.0
0.0
0.0
0.0
0.00045416291731697567
0.00020257504798155452
0.0
0.0
0.0
0.0
0.003244020837978398
0.0007507591082178578
0.0
0.0
2.918216786373325e-20
0.0
0.0017610398834739874
0.0
0.0
0.0
0.0
0.0
0.0
0.0
0.0
0.0
0.00018907004478278423
0.0
0.0
0.0
0.0045416291731697565
0.0
0.0
0.0
0.0
0.0
0.0
0.0
0.0
0.0
0.0
0.0
0.0
0.0
0.0013902946448478848
0.0
0.0
0.0
2.918216786373325e-20
0.0
0.0
0.0007229532153209
0.0
0.0
0.0
0.0022244714317566157
0.00020257504798155452
0.0
0.00025025303607261926
0.0017610398834739874
0.0
0.0
0.0
0.0
0.001297608335191359
0.0027805892896957695
0.0
0.003151334528321872
0.0
0.0
0.00022283255277970998
0.00024309005757786544
0.0
0.0
0.00013505003198770302
0.0
0.0
0.002873275599352295
0.003244020837978398
0.0
0.0
0.001575667264160936
0.00036147660766045
0.0
0.0
0.0
0.0
0.0030586482186653464
0.0
0.0
0.0
0.0
0.0
8.103001919262182e-05
0.0010195494062217821
0.00016206003838524364
0.0
0.0
5.1994262315265664e-05
0.0
0.00035113008316802787
0.0026879029800392436
0.0
0.0
0.0008434454178743834
0.0
2.918216786373325e-20
0.0
0.0
0.0
0.0
0.001297608335191359
0.0
0.0
0.0
0.00038001386959175517
0.0
0.0
0.0
0.001297608335191359
1.4591083931866625e-20
0.0
0.001297608335191359
0.0
0.0005931923818017641
0.0
0.0
0.0
0.002595216670382718
0.0
0.0
0.0007229532153209
0.0014829809545044103
0.0
0.0
0.0
8.103001919262182e-05
0.00047267511195696056
0.00010804002559016242
0.0
0.0
0.0
0.0
0.0
0.0
0.002595216670382718
0.00017556504158401393
0.0
0.0
0.0
0.0
0.0
0.0
0.0
0.0
0.0
0.0
0.0
0.0
0.0
0.0
0.0
0.00037074523862610256
0.00018537261931305128
0.0
0.0
0.0
0.00019464125027870386
0.00025659506077663576
0.001575667264160936
0.0010195494062217821
0.0
0.0019464125027870386
0.0
0.0
0.0
0.00019464125027870386
0.0
0.0
0.0
0.001575667264160936
0.0
0.0
0.0
0.0
0.0
0.0
0.0
0.0
0.0
0.0
0.0
0.0012049220255348333
0.0
0.001297608335191359
2.918216786373325e-20
0.0
0.0
0.0
0.0
0.0
0.0010195494062217821
0.0
0.0
0.0
0.002317157741413141
2.918216786373325e-20
0.0
0.0
0.0
0.0
0.00018537261931305128
0.0
0.0
0.0
0.0
0.00010804002559016242
0.00014829809545044103
0.0
0.0
0.0
0.0
0.0
0.0013902946448478848
0.0
0.0011122357158783079
0.0
0.00020257504798155452
0.0
0.00019464125027870386
0.0
0.0
2.918216786373325e-20
0.0027805892896957695
0.0
0.0
0.0
0.0
0.0
0.0
0.0
0.0
0.0
0.0
0.0
0.0
0.0
0.0
2.918216786373325e-20
0.0
0.0
1.4591083931866625e-20
0.0003429393457291449
0.0
-4.66914685819732e-19
0.0
0.0
0.0
0.001575667264160936
0.0
0.0
0.0006858786914582898
0.0
0.0
0.0
0.0
0.0
0.0
4.66914685819732e-19
0.0
0.0
0.0
0.0
0.0
0.0012049220255348333
0.0
0.0
0.0
0.0
0.0
0.0
0.0
0.0
0.0
0.0
0.0
0.0
0.0
0.0
0.0
0.0012049220255348333
0.0
0.002118819921681424
0.0038001386959175517
0.0
0.0
0.0
0.0
0.0
0.0
0.00022283255277970998
0.0017610398834739874
0.0
0.0
0.002595216670382718
0.0
0.0
0.0012049220255348333
0.0
0.0
0.0022244714317566157
0.0
0.0
0.0012049220255348333
0.0
0.00021317851221000898
0.0003429393457291449
0.0
0.0
0.0
0.00028360506717417636
0.0
0.0
0.0012049220255348333
0.0
0.0
0.0
0.0
0.0
0.0
0.0
0.001297608335191359
0.0
0.0
0.0
0.0
0.0
0.0
0.0011122357158783079
0.0
0.0
0.0
0.0
0.0
0.0
0.0
0.0
0.0
0.0
0.0
0.00020257504798155452
0.0
0.0
0.0
0.0
0.0024098440510696667
0.0
0.0
1.4591083931866625e-20
0.00017556504158401393
0.0
0.0
0.0020390988124435643
0.0
0.0
0.0003429393457291449
0.0
0.0
0.0
0.0
0.0
0.0
0.0
0.0
0.0
0.0
0.0
0.0024098440510696667
0.0
0.0
0.0
0.0
-7.295541965933313e-21
-4.66914685819732e-19
0.0
0.0
0.0
0.0003892825005574077
0.00034437758156864273
0.0
0.0
0.0
0.0
0.0
0.0
0.0
0.0
0.0
0.0
0.0
0.0
0.0
0.0
0.0
0.0
0.0
0.0006209982746987219
0.0
0.00021608005118032482
0.0
0.0
2.918216786373325e-20
0.0012049220255348333
-4.66914685819732e-19
0.0
0.0
0.0
0.0
0.00028360506717417636
0.0
0.0
0.0008990572036682988
0.0
0.0
0.0
0.0
0.00027685256557479117
0.0
0.0
0.0
0.0
0.0
0.0
2.918216786373325e-20
0.0
0.0
0.0
0.0
0.0
0.0
0.0
0.0
0.0
0.0
2.918216786373325e-20
0.0
0.0
0.0022244714317566157
0.0017610398834739874
0.0
0.0
0.0
0.0
0.0
0.0
0.0011122357158783079
0.0
0.0020390988124435643
2.918216786373325e-20
2.918216786373325e-20
0.0
0.0
0.0
0.0001958225463821694
0.0
0.0
0.0
0.0
0.0
0.0
0.0
0.0
0.0
0.00045416291731697567
0.0
0.0
0.0
0.0
0.0
0.0
0.0
0.0
0.0
0.0
0.0
0.0
0.0
0.0
0.0
0.0022244714317566157
0.0
0.0
0.0
0.0
0.0
0.0
0.0
0.0
0.0
0.002118819921681424
0.0
0.0
0.0
0.0016683535738174617
0.0
0.0
0.0
-9.33829371639464e-19
2.918216786373325e-20
0.0
0.003244020837978398
0.0
0.0
0.0
0.0
0.0
0.0005468492269735013
0.0016683535738174617
0.0
0.0
0.0
0.0
0.0
0.0
0.0
0.0
2.918216786373325e-20
0.0009268630965652564
0.0
0.0009083258346339513
0.0
-1.4591083931866625e-20
0.0
0.0
0.0013902946448478848
0.0
0.0
0.0
0.0
0.0
0.0
0.0
0.001297608335191359
0.0
0.0
0.0
0.0
0.0
0.0
0.0
0.0
0.0
0.0
0.0
0.0
0.0
0.0
0.0005468492269735013
0.0
0.0
0.0011122357158783079
-2.33457342909866e-19
0.0
0.0
0.0
0.0
0.0
0.0
0.0
0.0
0.0
0.0
0.0
0.0
0.0
0.0
0.0
0.0018537261931305129
0.0007507591082178578
0.0
0.0
0.0
0.0
0.0
0.0
0.0012049220255348333
0.0
0.0
0.0
0.0
-1.4591083931866625e-20
0.0
0.002595216670382718
0.0
0.0
0.0
0.0
0.0
0.0
0.0
0.0
0.0
0.0013902946448478848
0.0005283119650421962
0.0
0.0
0.0
0.0
0.0
0.0021317851221000898
0.0
0.0
0.0
0.0
0.0
0.0
0.0
0.0
0.0010195494062217821
0.00019464125027870386
0.0
0.0
0.0
0.0
0.0
0.0
0.0
0.0
0.0004727001792482808
0.0
0.00041190259756249424
0.0
0.0001958225463821694
0.0
0.0
0.0022244714317566157
0.0
0.0
0.0
0.0
0.0
0.0
0.0018537261931305129
0.0
0.0030586482186653464
0.0
0.0
0.0
0.0016683535738174617
0.0006117296437330692
0.0
0.0003892825005574077
0.0
1.4591083931866625e-20
0.0
0.0
0.0
0.0
0.0
0.0
0.0
0.0
0.0
0.0
0.0027805892896957695
0.0002317157741413141
0.0
0.0
0.0
0.00029659619090088206
0.0
0.0
0.0
0.0024098440510696667
0.0
0.0
0.0
0.0
0.0
0.0
0.0
0.0
0.0
0.0
0.0004170883934543654
0.0
0.0013902946448478848
0.0
0.0
0.00023633755597848028
0.0
0.0
0.0
0.0
0.0
2.918216786373325e-20
0.00017556504158401393
0.0
0.0
0.0
0.0
0.0
0.0
0.0024098440510696667
0.0
0.0
0.0
0.0
0.0
0.00034437758156864273
0.0004659226103575754
0.0
0.0
0.0
0.0
0.0
0.0
0.0
0.0021317851221000898
0.0
0.0
0.0
0.0
0.0
0.0
0.0
0.0
0.0
0.0
0.0
0.0
0.0021317851221000898
0.001297608335191359
0.0
0.0
0.0
0.0
0.002595216670382718
0.0
0.0
0.0
0.0
0.0
0.0
0.0
0.0
0.0
0.0
0.0010195494062217821
0.0005468492269735013
0.0
0.0
0.0
0.0
0.0
0.0
0.0026879029800392436
0.0
0.00029659619090088206
0.0
0.0
0.0
0.0022244714317566157
0.0
0.0
0.0
0.0
0.0
0.0
0.0
0.0
0.00038001386959175517
0.00025659506077663576
0.0
0.0
0.0
0.002595216670382718
0.0
0.0
0.0
0.0
2.918216786373325e-20
0.0
0.0
0.0
0.0021317851221000898
0.0
0.0
0.0024098440510696667
0.0006117296437330692
0.0
0.0
0.0029659619090088205
2.918216786373325e-20
0.0
0.0
0.0
0.0
0.0
0.0
0.0
0.0022244714317566157
0.0
0.0
0.0
0.0
0.0
0.0022244714317566157
0.0
0.0024098440510696667
0.0
0.0
0.0
0.0
0.00048196881021393337
0.0
0.0018537261931305129
0.0
0.0
0.0
0.0
0.0
0.0
0.0
0.002317157741413141
0.0
0.0
0.0
0.0
0.0
0.0
0.0
0.0
0.0
0.0
0.0
0.0
0.0
0.0016683535738174617
0.0
0.0
0.0
2.918216786373325e-20
0.0
0.0
0.0
0.0020390988124435643
0.0
0.0
0.0
0.002118819921681424
0.0
0.0
0.0
0.0
0.0
0.0
0.0
0.0
0.0
0.0
0.0
0.0
1.4591083931866625e-20
0.0
0.0
0.0
-4.66914685819732e-19
0.0
0.0
1.4591083931866625e-20
0.0
0.0
0.0
0.0
0.0
0.0
0.0
0.0
0.0
0.0
0.0
0.0
0.0019464125027870386
0.002595216670382718
0.0
0.002595216670382718
0.003151334528321872
0.0012049220255348333
0.0
0.0
0.0
0.0
0.0
0.0
0.0
0.0
0.0
0.0
0.0
2.918216786373325e-20
0.0
0.0
0.0
0.0
0.0
0.0
0.0024098440510696667
0.0
0.0013902946448478848
0.0
0.0
0.0
0.0
0.0
0.00509774703110891
0.0
0.0
0.0
0.0
0.0
0.0
0.0
0.0
0.0
0.0
0.0
0.0
0.0
0.002873275599352295
0.0011122357158783079
0.0
0.0
0.0007507591082178578
0.0
0.0
0.0
0.0
0.0007136845843552475
0.0
0.0
0.000639535536630027
0.0010195494062217821
0.0
0.0027805892896957695
0.0
0.0
0.0
0.0
0.0
0.0
0.0
0.0
0.0
0.0
0.0
0.0
0.0
0.0
0.0
0.0
0.0
-7.295541965933313e-21
-1.4591083931866625e-20
0.0
0.0
0.0
0.0
0.0
0.000357882584767413
0.0
0.0
0.0
0.0030586482186653464
0.0
0.002317157741413141
0.0
0.0002873275599352295
0.0006302669056643744
0.0
0.0
2.918216786373325e-20
0.0
0.002873275599352295
0.0
0.0
0.0
0.0
0.0
0.0
0.00037074523862610256
0.0
0.0
0.0
0.0
0.0
0.0
0.0
0.0
0.0
0.0
0.0
0.0020390988124435643
0.0
0.0
0.00025659506077663576
0.0
0.0
0.0
0.0
0.0
0.0
0.0
0.0
0.0
0.0
0.0
0.0
0.0014829809545044103
0.0
0.0
0.0
0.0
0.0033367071476349233
0.0
0.00021608005118032482
0.0
0.002118819921681424
0.0
0.0
0.0
0.0
0.0
0.0
0.0
0.0011122357158783079
0.0
0.0
0.0
0.0
0.0
0.0018537261931305129
0.0
0.00040781976248871287
0.0
0.001297608335191359
0.0
0.0
1.4591083931866625e-20
0.0
0.0
0.0
0.0
0.0024098440510696667
0.0
0.0
0.0
0.0
0.0
0.0
0.0
0.0
0.00017556504158401393
0.0006302669056643744
0.0
-1.4591083931866625e-20
0.0
0.0029659619090088205
0.0
0.0
0.003429393457291449
0.0
0.0
0.0
0.0
0.0016416493582926848
0.0
0.0
0.0
0.0
0.0006024610127674167
0.0
0.0
0.0
0.0
0.0
0.0019464125027870386
0.0
0.0
0.0
0.0
0.0
0.0
0.0018537261931305129
0.002118819921681424
0.0
-4.66914685819732e-19
0.0
0.0
0.0
0.0
0.0
0.0
0.0
0.0026879029800392436
0.0
0.0
0.0029659619090088205
0.0
0.002118819921681424
0.0
0.0027805892896957695
0.0
1.4591083931866625e-20
0.0
0.0
0.0
0.0
0.0
0.0
0.0
0.0
0.0
0.0
0.0
0.0
0.0
-2.33457342909866e-19
0.0
0.0
0.0041708839345436545
0.0
0.0
0.0
0.0
0.0
0.003244020837978398
0.0
0.0
0.0037074523862610257
0.0
0.0013902946448478848
0.0
0.0
0.003429393457291449
0.0
0.0
0.0
0.0
0.0
0.0
0.0
0.0
0.0
2.918216786373325e-20
0.0
0.0
0.0009268630965652564
0.0
0.0
0.0
0.0
0.0
0.0
-1.4591083931866625e-20
0.0
0.0022244714317566157
0.0
0.0
0.0
0.00029659619090088206
0.0
0.0004524176071588051
0.0
0.0
0.0
0.0
0.0
0.0
0.0
0.0017610398834739874
0.0
0.0
0.0
0.0
0.0018537261931305129
0.0
0.0
0.0
0.0
0.001297608335191359
0.0004170883934543654
0.0020390988124435643
0.0
0.0
0.002595216670382718
0.001297608335191359
0.0
0.0
2.918216786373325e-20
0.0
0.0
0.0
0.0011122357158783079
0.0
0.0
1.4591083931866625e-20
0.002595216670382718
0.0
0.0
0.0
0.0
0.0007044159533895949
0.0
0.0
0.0
0.0017610398834739874
0.0
0.0
0.002595216670382718
0.002595216670382718
0.0006951473224239424
0.0
0.0
0.0
0.0005283119650421962
0.0
0.0008805199417369937
0.0
0.002873275599352295
0.0
0.0
0.0
0.0
0.0
0.0
0.0007971022630461205
0.0
0.0
0.0
0.0
0.0
0.0
0.0
0.0
2.918216786373325e-20
0.002595216670382718
0.0
0.0
0.0
0.0
0.0
0.0
0.0027805892896957695
0.0
0.0006766100604926372
0.0
0.0
0.0
0.0
0.0
-7.295541965933313e-21
0.0021317851221000898
0.0
0.0
0.0
0.0
0.0
0.0
0.0011122357158783079
0.0
0.0
0.0
0.0
0.0
0.0
0.0
0.0
0.0
0.0
0.0
0.0
0.0
0.0
0.0016683535738174617
0.0
0.0
0.0
0.0005190433340765436
0.0
0.0
0.0
0.0
0.0013902946448478848
0.0
0.0
0.0
0.0
0.0
0.0
0.0012049220255348333
0.00028360506717417636
0.0
2.918216786373325e-20
0.0
0.0
0.0024098440510696667
0.0
0.0
0.002118819921681424
0.0
0.0
0.0
0.0
0.001575667264160936
0.0
0.0
0.0
0.0
2.918216786373325e-20
0.0
0.0
0.0
0.0
0.0
0.0
0.002873275599352295
0.0
0.0
0.0
0.0013902946448478848
0.0
0.0
0.0
0.0
0.0
0.0
0.0
0.0016683535738174617
0.0
0.0
0.0
0.0
0.0014829809545044103
0.0
0.00021608005118032482
2.918216786373325e-20
0.0005005060721452385
0.002317157741413141
0.0
0.0
0.0
0.0
2.918216786373325e-20
0.0
0.0
0.0
0.0
0.0
0.0
0.0
0.0008619826798056885
0.0
0.00045416291731697567
0.0002873275599352295
0.0
0.0
0.0
0.0
0.0
0.0
0.0
0.0
0.0
0.0
0.0005653864889048065
0.0
0.0
0.0
0.0
0.0
0.0
0.0030586482186653464
0.0007785650011148154
0.0
0.0
0.0038001386959175517
0.0
0.0
0.0
0.0
0.0
0.0
0.0011122357158783079
0.0
0.0
-1.4591083931866625e-20
0.0
0.0
0.0007044159533895949
0.0
0.0
0.0005375805960078487
0.0
0.0
0.0
0.0
0.0
0.0
0.0012049220255348333
0.0
0.0
0.0
0.0
0.0
0.0
0.0
0.0019464125027870386
0.0
0.0
0.0
0.00020257504798155452
0.0
0.0
0.0
0.0
0.0
0.0
0.0005097747031108911
0.0011122357158783079
0.0
0.0
0.0014829809545044103
2.918216786373325e-20
0.0
0.0
0.00010804002559016242
0.0
0.0
0.0002873275599352295
0.0
0.0
0.0002093275495809397
0.0016683535738174617
0.0002903575687735615
0.0
0.0005839237508361116
0.0
0.0
0.00025659506077663576
0.0
0.0
0.0
0.0
0.0
0.0
0.0
0.0
0.0
0.0
0.0
0.003429393457291449
-1.4591083931866625e-20
0.0013902946448478848
0.0
0.0
0.0036147660766045002
0.0
0.0
0.0
0.0
0.0013902946448478848
0.0
0.0
0.0
0.00022283255277970998
0.0
0.0
0.0
0.0
0.00021317851221000898
0.0026879029800392436
0.0
0.0
0.0
0.0
0.0
0.0018537261931305129
0.0
0.0
0.0
0.0
0.0
0.0
0.0
0.0024098440510696667
0.0
0.0005375805960078487
0.0
0.00018907004478278423
0.0
0.0
0.00017610398834739873
0.0016683535738174617
0.0
0.0
0.00010804002559016242
0.0
0.0
0.0
0.0
0.00021608005118032482
0.00017556504158401393
0.0
0.00011479252718954757
0.0
0.0
0.0
-1.4591083931866625e-20
6.279826487428191e-05
0.0
0.0
0.0
0.0
0.0
0.0
0.0
0.00018537261931305128
0.0
0.001297608335191359
0.0
0.00023633755597848028
0.0
0.0027805892896957695
0.0
0.0
0.0
0.0
0.0002971100703729466
0.0011122357158783079
0.0018537261931305129
0.0
0.001575667264160936
0.0009175944655996039
0.0
0.00013902946448478848
0.0
0.0
0.0
0.0
0.0
0.0
0.0
0.0
0.002317157741413141
0.0
0.0
0.0
0.0
0.0
0.0
0.0
2.918216786373325e-20
0.0
0.0
0.0
0.0
0.0
0.0
0.0
0.0
0.0
0.0
2.918216786373325e-20
0.00027685256557479117
0.0
0.0020390988124435643
0.0
0.0021317851221000898
0.0
0.0
0.00021317851221000898
0.0
0.0
0.0
0.0
0.0
0.0
0.0
0.0
0.0
0.006858786914582898
0.0
0.0
0.0
0.0004356256553856705
0.0016683535738174617
0.0
0.0
0.00018907004478278423
9.453502239139211e-05
0.0
0.00027010006397540603
0.0
0.0008527140488400359
0.0
0.0
0.0
0.0
0.00016206003838524364
0.0
0.0
0.0
0.0
0.0
0.0
0.0
0.0
2.4984255917725058e-05
0.0022244714317566157
0.0011122357158783079
5.80715137547123e-05
0.0
0.0
0.0
0.0
0.0
0.0
0.0030586482186653464
0.0030586482186653464
0.0
0.0
0.0
0.0
0.0
0.0
0.0
0.0
0.002595216670382718
0.0002873275599352295
0.0
0.0022244714317566157
0.0
0.0
1.4591083931866625e-20
0.0
0.0
0.0
0.0
0.0
-1.4591083931866625e-20
0.0
0.0
0.0
0.0003151334528321872
0.0
0.0008805199417369937
0.0
0.0006024610127674167
0.0
0.0
0.0
0.0
0.0
0.0
0.0026879029800392436
0.0
0.0002317157741413141
0.0
0.0
0.0
0.0
0.0
0.0
0.0
0.0
0.0
0.0
0.0
0.0
0.0
0.0
0.0
0.0019464125027870386
0.0
0.0024098440510696667
0.0
0.0
0.0
0.0
0.0
0.0
0.0
-9.33829371639464e-19
0.0
0.0
0.0
0.0
-1.4591083931866625e-20
0.0
0.0
0.0
0.0004634315482826282
0.0
0.0
0.0
0.0024098440510696667
0.0
0.0006117296437330692
0.0
0.0
0.0005375805960078487
0.0
0.0
0.0029659619090088205
0.002595216670382718
0.0017610398834739874
0.0
0.0
0.0
0.0
0.0
0.0
0.0
0.0
0.0
0.0
0.0
0.0
0.0
0.0
0.0
0.0007692963701491629
0.0021317851221000898
0.0
2.918216786373325e-20
0.0022244714317566157
0.0
0.001575667264160936
0.0
0.0
0.0
0.0
0.0018537261931305129
0.0017610398834739874
0.0009268630965652564
0.0007785650011148154
0.0017610398834739874
0.0
0.0
0.0
0.0014829809545044103
0.0
0.0
0.0
0.0
0.0
0.0
0.0
0.0
0.0
0.0
0.0
0.0
0.0
0.0
2.918216786373325e-20
0.0
0.0
0.0
0.0
0.0
2.918216786373325e-20
0.0
0.0
0.0
0.0
0.0
0.0
0.0
0.0
0.0
0.0
-1.4591083931866625e-20
0.0
0.0019464125027870386
0.0041708839345436545
0.0
0.0
0.0
0.0020390988124435643
0.0
0.0
0.0022244714317566157
0.0019464125027870386
0.00021608005118032482
0.001575667264160936
0.0
0.0
0.0016683535738174617
0.0
0.0
0.0
0.0
0.0
1.4591083931866625e-20
0.0
0.0
0.0026879029800392436
0.0
0.0
0.002873275599352295
0.0009268630965652564
0.0
0.0
0.00023633755597848028
0.0
0.0019464125027870386
0.0005839237508361116
0.0
0.004727001792482808
2.918216786373325e-20
0.0
0.0
0.0016683535738174617
0.0
2.918216786373325e-20
0.0
0.0
0.0
0.006209982746987219
0.0
0.0
2.918216786373325e-20
0.0
0.0
0.0
0.0
0.0
0.0
0.0
0.0
0.0
0.0
0.0
0.0
0.0
0.0
0.0
0.001575667264160936
0.0
0.0
0.0
0.0
0.0027805892896957695
0.0
0.0
0.0
0.000871251310771341
0.0
0.0
0.0
0.0
0.0
0.0
0.0
0.0007044159533895949
0.00017556504158401393
0.0
0.0
0.0
0.0
1.4591083931866625e-20
0.0
0.0016683535738174617
0.0
2.918216786373325e-20
0.0
0.002118819921681424
0.0004448942863513231
0.0
0.0
0.00023633755597848028
0.0
0.0
0.0
0.0
0.0
0.0
0.0
0.0
0.0
0.0
0.0
0.0
0.0
0.0
0.0
0.0
0.0
0.0
0.0
0.0
0.0
0.0
0.0
0.0
0.0
0.000787833632080468
0.0
0.0018537261931305129
0.0
0.0
0.0
0.0
0.0026879029800392436
0.0018537261931305129
0.0
0.0
0.0
0.0
0.0020390988124435643
0.0
0.0
0.0
0.0
0.0
0.00021608005118032482
0.0
0.0007414904772522051
0.0
0.0013902946448478848
0.0005468492269735013
0.0
0.0030586482186653464
0.0
0.0
0.0
0.006209982746987219
0.0
0.0
0.0
0.0
0.0
0.0
0.002595216670382718
0.0
0.0
0.00048196881021393337
0.0008897885727026462
0.0
0.0
0.0
0.001575667264160936
0.0
0.0006024610127674167
0.001297608335191359
0.0041708839345436545
0.0
0.0021317851221000898
0.0
0.0
0.0005283119650421962
0.0
0.0
0.0
0.0
0.0
0.0035220797669479748
0.0
0.0
0.0
0.0
0.0
0.0
0.0
0.0
0.0018537261931305129
0.0
0.0
0.0
0.0
0.0
0.0
0.0
0.0
0.0
0.0
0.0026879029800392436
0.0
0.0
0.0
0.0
0.0
0.0006858786914582898
0.0
0.0009268630965652564
0.0
0.0
0.0
0.0
0.0
0.0
0.0
0.0006766100604926372
0.0
2.4984255917725058e-05
0.0
0.0
0.0
0.0
0.0
0.00023633755597848028
0.0
0.0
6.414876519415894e-05
0.00040781976248871287
0.0014829809545044103
0.0
0.0010195494062217821
0.0
0.0
0.0
0.0
0.0
0.0
0.0
0.0
0.0
0.0
0.0
0.0
0.0
0.0
0.0
0.0010195494062217821
0.0
0.0
0.0011122357158783079
0.0
0.002873275599352295
0.0
0.0
0.0
0.0017610398834739874
0.0
0.0008805199417369937
0.0
0.0
0.0
0.0
0.0
0.0
0.0019464125027870386
0.0
0.0
0.0
0.0
0.0
0.0
0.0
0.0
0.00024309005757786544
0.001297608335191359
0.0
0.0
0.00021608005118032482
0.0
0.0012049220255348333
0.0
0.0
0.0
0.0
0.0020390988124435643
0.0
0.0
0.0
0.0
0.0
0.0
0.0
0.0002317157741413141
0.0
0.00024309005757786544
0.0
0.0024098440510696667
0.002317157741413141
0.0
0.0
0.0036147660766045002
0.0
0.0
0.0014829809545044103
0.0
0.0
0.0
0.0024098440510696667
0.0
0.0
0.0017610398834739874
0.0
0.0
0.0
0.0016683535738174617
0.0005839237508361116
0.0
0.0
0.00042635702442001797
0.0
0.0026879029800392436
0.0
0.0013902946448478848
0.0
0.0
0.00011479252718954757
0.0
0.0002093275495809397
0.0
6.212301471434339e-05
0.002317157741413141
0.0
0.00048196881021393337
0.0012049220255348333
0.0
0.0019464125027870386
0.001575667264160936
0.00012154502878893272
0.0014829809545044103
0.0
0.0
0.00011479252718954757
0.0
0.00015530753678585847
0.0
0.0
0.0
0.0
0.0011122357158783079
0.0
0.0
0.0
0.001575667264160936
0.0
0.0
0.0
0.0008249081559430783
0.00017556504158401393
0.0
0.0
0.0024098440510696667
0.0
0.000787833632080468
0.0
0.0
0.0
0.0
0.0
0.0
0.0
0.0
0.0
0.003151334528321872
0.0
0.0021317851221000898
0.0
0.0012049220255348333
0.0
0.0
0.0
0.0
0.0
0.00024309005757786544
0.0
0.00025025303607261926
0.0
0.0002093275495809397
0.0
0.0008249081559430783
0.0
8.103001919262182e-05
0.0
0.0
0.0
0.0
0.0
0.0
0.0005468492269735013
0.0
0.00013505003198770302
0.0037074523862610257
0.0
0.0
0.00029659619090088206
0.0
0.0
0.0
0.00020257504798155452
0.0035220797669479748
0.0041708839345436545
0.003244020837978398
0.0
0.0003713875879661833
0.00010804002559016242
0.0
0.0
0.00018231754318339907
0.0
0.0
0.0
0.00017556504158401393
0.000639535536630027
0.0
0.00016881253998462877
0.0
0.0014829809545044103
0.0
0.0
0.0
0.0
0.0001958225463821694
0.0
0.0
0.0
0.0
0.0007414904772522051
0.0
0.0009083258346339513
0.0
0.0020390988124435643
0.0
0.0
9.33829371639464e-19
0.0004634315482826282
0.0022244714317566157
0.0
0.0
0.0016683535738174617
0.00012829753038831788
0.0
0.0
0.0
0.0
0.0007136845843552475
0.0
0.0
0.0
0.00012829753038831788
0.0
0.0
0.0
0.0
0.0002317157741413141
0.0
0.0
0.00012829753038831788
0.0
0.0
0.00016683535738174616
0.0
0.0
0.0001575667264160936
0.0007136845843552475
0.0
0.0
7.427751759323666e-05
0.0
0.00014180253358708818
0.0
0.0
0.0
0.0
0.0
0.0
0.0
0.0
0.0010195494062217821
0.0
0.0
9.453502239139211e-05
0.0
0.0
0.0
0.00025659506077663576
0.00012829753038831788
0.0
0.0
0.0
0.0
0.00020390988124435643
0.0
0.0
0.0
0.0022244714317566157
0.0
0.0
0.0
0.0
0.0
0.0
0.0
0.0
0.00018907004478278423
0.00012829753038831788
0.0
0.00013505003198770302
0.00034437758156864273
0.0
0.0
0.0
0.0
0.0
0.0
0.0
0.0
4.9293261675511606e-05
0.002317157741413141
0.0
0.0
6.752501599385151e-05
0.001297608335191359
0.0
0.0
0.0004356256553856705
0.0
0.0
8.778252079200697e-05
0.0
0.002317157741413141
0.0
0.00021317851221000898
0.0
0.0
0.0
0.0
0.00021608005118032482
0.0
0.0
0.0
0.0
0.0
0.0010195494062217821
0.0
0.0
0.0
0.0
0.0
0.0006766100604926372
0.0
0.0
0.004078197624887129
0.0019464125027870386
0.0
0.0
0.0024098440510696667
0.0
0.0
0.0
0.0
0.0006024610127674167
0.0
0.0016683535738174617
0.0
0.0001485550351864733
0.0
0.0
0.0
0.0
0.0
0.00017556504158401393
0.0016683535738174617
0.0002093275495809397
0.0
0.0002903575687735615
0.0
0.0
0.0
0.0
0.0
0.0
0.0
0.0
3.916450927643388e-05
0.0
0.0
0.00033762507996925754
6.347351503422042e-05
0.0005375805960078487
0.0
0.0
0.0018537261931305129
0.0
0.0
0.0
0.0
0.0009083258346339513
0.0
0.0
0.0
0.0
0.0
0.0017610398834739874
0.0
0.00040781976248871287
0.0016683535738174617
0.0
0.0
0.0
8.103001919262182e-05
0.0
0.0
0.0
5.1994262315265664e-05
0.0
9.453502239139211e-05
0.0
0.0004448942863513231
0.0
0.0
0.0
0.002317157741413141
6.414876519415894e-05
0.00023633755597848028
0.0026879029800392436
0.0018537261931305129
0.0013902946448478848
0.0
0.0
0.0
0.0006858786914582898
0.0
0.0
0.00016881253998462877
0.0
0.001297608335191359
0.00018907004478278423
0.0
0.0
0.00017556504158401393
0.0021317851221000898
0.0
0.0
0.0003429393457291449
0.0
0.003244020837978398
0.0
0.0
0.0
0.0
0.0
0.000787833632080468
9.453502239139211e-05
0.00035220797669479746
0.00018907004478278423
0.00031061507357171695
0.0
0.0
0.0
0.0001958225463821694
0.0
0.0
0.0
0.0
0.0
0.0005468492269735013
9.453502239139211e-05
0.0
0.0
4.5241760715880515e-05
0.00021317851221000898
0.0
0.0014829809545044103
0.0
0.0
0.0
0.0011122357158783079
0.0
0.0
0.0008897885727026462
0.0
0.0
0.0
0.00011479252718954757
0.0
0.001575667264160936
0.0001485550351864733
5.7396263594773786e-05
0.0
0.00021608005118032482
0.0
0.0
0.0024098440510696667
0.002317157741413141
0.0009083258346339513
0.0
0.0
0.0
0.0
0.0
0.0030586482186653464
0.0
0.0
0.0
0.0
0.00010804002559016242
0.0
0.0
0.0
0.0
0.0
0.0
0.00011479252718954757
0.0
0.0
0.0
0.00018537261931305128
0.0018537261931305129
0.0
0.0
0.0
0.0
0.0022244714317566157
0.0
0.0008619826798056885
0.0024098440510696667
0.0
0.0010195494062217821
0.0
0.0
0.0036147660766045002
0.0014829809545044103
0.0
0.0
0.0
0.0
0.0
0.0
7.295541965933313e-21
0.0
0.0022244714317566157
0.0
0.0
0.0
0.00022283255277970998
0.0
0.00011479252718954757
0.0
0.0
0.0
0.0
0.0
0.00015530753678585847
0.00010128752399077726
0.0
0.0
0.000357882584767413
0.0
0.00023633755597848028
0.0
0.0
0.0
0.0
0.0
0.0
0.0
0.0
0.0
0.0
0.0005283119650421962
0.0
0.0
0.0016683535738174617
0.0
0.0
0.0
0.0
0.0
0.0
0.0026879029800392436
0.0
0.0004448942863513231
0.0
0.0
0.0
0.0019464125027870386
0.0
0.0
0.0005005060721452385
0.0
0.0
0.001297608335191359
0.0
0.0
0.0018537261931305129
0.0
0.0
0.0
0.0
0.0002498425591772506
0.0
0.0
0.0001958225463821694
0.0
0.0
7.427751759323666e-05
0.0
0.0
0.0
0.0
0.00010804002559016242
0.00037074523862610256
0.0
0.0
0.0016683535738174617
0.0
0.0008249081559430783
0.0
0.00015530753678585847
0.0007785650011148154
0.00013505003198770302
0.0
0.0
0.0
0.0
0.0
0.0
0.0
0.0
0.0
0.0005839237508361116
0.0
0.0
0.0011122357158783079
0.0
0.0
0.0
0.0
0.00027805892896957696
0.0
0.0004356256553856705
0.0
0.0012049220255348333
0.0
0.0
0.0026879029800392436
0.0002903575687735615
0.0
0.0
0.0
0.0
0.0
0.0
0.0
0.0
0.0
0.0
0.0
0.0003892825005574077
0.0030586482186653464
0.0018537261931305129
0.002317157741413141
0.0
0.0
0.0
0.0
0.0
0.00023633755597848028
0.0
0.0
0.0
0.0013902946448478848
0.00011479252718954757
0.0
0.0
0.0
0.0019464125027870386
0.00012049220255348334
0.0
0.0
0.0
0.0
0.0
0.0
0.0
0.0
0.0
0.00018231754318339907
0.0
0.0
0.0
0.0
0.0024098440510696667
0.0
0.0
0.0
0.0
0.0026879029800392436
0.0
0.0
0.0030586482186653464
