0.0
0.0
0.0
0.0
0.0
0.0
0.0
0.0
0.0
0.0
0.0
0.0
0.0
0.0
0.0
0.0
0.0
0.0
0.0
0.0
0.0
0.0
0.0
0.0
0.0
0.0
0.0
0.0
0.0
0.0
0.0
0.0
0.0
0.0
0.0
0.0
0.0
0.0
0.0
0.0
0.0
0.0
0.0
0.0
0.0
0.0
0.0
0.0
0.0
0.0
0.0
0.0
0.0
0.0
0.0
0.0
0.0
0.0
0.0
0.0
0.0
0.0
0.0
0.0
0.0
0.0
0.0
0.0
0.0
0.0
0.0
0.0
0.0
0.0
0.0
0.0
0.0
0.0
0.0
0.0
0.0
0.0
0.0
0.0
0.0
0.0
0.0
0.0
0.0
0.0
0.0
121444246.9
100722821.9
94450938.5
86389558.80000001
80476051.70000002
77120671.6
71624574.5
66429608.900000006
63476135.0
59006270.2
55639560.4
53215600.900000006
51277625.900000006
49293735.800000004
48086824.60000001
46624697.00000001
44648558.800000004
43574026.2
41958649.50000001
41262171.10000001
40232361.00000001
39729083.8
38132788.7
37134582.50000001
36224628.7
34842405.300000004
33707646.400000006
32760722.0
31998650.600000005
31312905.6
30065446.000000004
29531161.200000003
28940227.900000002
27952755.1
27327236.400000002
26875837.300000004
26493012.700000003
25785800.900000002
25203812.1
24695764.5
23740491.900000002
23406563.900000002
22991539.1
22481106.300000004
22228871.400000002
21973655.000000004
21789994.6
21400610.7
21153742.5
20796558.8
20696976.700000003
20513912.6
20309978.000000004
20124528.700000003
20069072.8
19764363.500000004
19664781.400000002
19541943.6
19447131.9
19174622.8
19051785.0
18977843.8
18776890.7
18498418.6
18411358.8
18272420.900000002
18133483.0
17943263.3
17849047.900000002
17807306.900000002
17628416.9
17350541.1
17307607.500000004
17217566.200000003
17071472.700000003
16971294.3
16784056.1
16729792.800000003
16636173.700000003
16541362.000000002
16391690.700000003
16210415.500000002
16106063.000000002
16045836.700000001
15860387.400000002
15687460.400000002
15585493.100000001
15485314.700000001
15439995.900000002
15348762.0
15224731.600000001
15083408.500000002
14955204.000000002
14865759.000000002
14649898.400000002
14482338.100000001
14384544.9
14323722.3
14256340.4
14035709.400000002
13821041.400000002
13754852.100000001
13659444.100000001
13416750.000000002
13299875.200000001
13098922.100000001
13017825.3
12779305.300000003
12629037.700000001
12554500.200000001
12453725.5
12336850.700000001
12135897.6
12058974.9
11963566.900000002
11912881.4
11758439.700000001
11552119.900000002
11437034.000000002
11337451.900000002
11192551.000000002
10940316.100000001
10806148.6
10735785.200000001
10500843.0
10327319.7
10194344.8
10138292.600000001
10062562.5
10044673.5
9841931.5
9766201.400000002
9609970.8
9540203.7
9503829.4
9434062.3
9224164.700000001
9112060.3
9006515.200000001
8943903.700000001
8908125.700000001
8868173.6
8752491.4
8612957.200000001
8493697.200000001
8380400.2
8342237.000000001
8319577.600000001
8273662.5
8060187.100000001
8032161.000000001
7819878.200000001
7784100.200000001
7739377.700000001
7690481.100000001
7611769.5
7487142.800000001
7300500.900000001
7215230.000000001
7166929.7
7135922.100000001
7078677.300000001
6903961.400000001
6667826.600000001
6573014.9
6546181.4
6501458.9
6326146.7
6057215.400000001
5956440.7
5912314.5
5834199.200000001
5781724.800000001
5723883.7
5644575.800000001
5546186.300000001
5469263.600000001
5395918.7
5318399.700000001
5256980.8
5154417.200000001
5113868.8
4985068.0
4929612.100000001
4856267.2
4781133.4
4689303.2
4614169.4
4493716.8
4453168.4
4372667.9
4319000.9
4248637.500000001
4152633.2
4058417.8000000003
3994613.7
3906957.6
3829438.6000000006
3776964.2
3712563.8000000003
3663070.9000000004
3627292.9000000004
3563488.8000000007
3531884.9000000004
3474640.1000000006
3443632.5
3402487.8000000003
3368498.7
3326757.7
3302309.4
3258779.5
3182453.1
3104934.1000000006
3019663.2
2968977.7
2912925.5000000005
2857469.6000000006
2800224.8000000003
2754906.0000000005
2703027.9
2667846.2
2654131.3
2604638.4000000004
2566475.2
2521752.7
2443041.1000000006
2386988.9000000004
2341670.1
2292773.5000000005
2258188.1
2166954.2
2099572.3000000003
2078105.5000000002
2032786.7000000002
1981504.9000000001
1943938.0
1887289.5
1837796.6
1787111.1
1741196.0000000002
1710188.4000000001
1658310.3
1611202.6
1579598.7000000002
1500887.1
1477035.1
1428138.5
1385801.2000000002
1316630.4
1249844.8
1192600.0000000002
