0.0
0.0
0.0
0.08086378526731677
0.0
0.007065589009595813
0.0
0.0
0.0
0.0
0.04648748125144267
0.0
0.0
0.0
-5.373851215017692e-18
0.0
0.04541654534513858
0.05906248452091398
0.0
0.0
0.0
0.0
0.0
0.0
0.0
0.0
0.04185808383026059
0.0
0.04952450776642364
0.0
0.03449890771273374
0.0
0.0
0.04820541016045185
0.040900888702970865
0.0
0.03526702725932426
0.021567478066086734
0.0
0.0
0.0
0.0
0.0
0.0
0.0
0.0
0.02830815959780901
0.0
0.0
0.0
0.0
0.0
0.0
0.0
0.0
0.0
0.0
0.0
0.0
0.0
0.0
0.0
0.0
0.0
-2.686925607508846e-18
0.0
0.0
-2.686925607508846e-18
0.0
0.0
0.0
5.373851215017692e-18
0.0
0.0
0.0
0.0
0.02655477901741873
0.0
0.0
0.0
0.0
0.0
0.0
0.0
0.0
0.0
0.0
0.0
0.0
-6.717314018772115e-19
0.0
0.0
0.0
0.0
0.0
0.08283873879383893
0.0
-2.1495404860070767e-17
0.0
0.0
0.0
0.0
0.04932361496193074
0.0
0.0
0.0
0.0
0.0
0.0
0.05283776188758236
0.0
0.0
0.0
-1.0747702430035384e-17
0.06451761045468087
0.0
0.0
0.0
0.0
-1.0747702430035384e-17
0.0
0.0
0.0
0.0
0.0
0.0
0.0
0.0
0.059087596121475586
0.0
0.0
0.0
0.0
0.0
0.0
0.0
0.0
0.0
0.0
0.0
0.056484852580913104
0.0
0.0
0.0
0.0
0.0
0.030757279229053393
0.0
0.0
0.038571418462637695
0.0
0.0
0.0
0.0
0.0
0.0
0.0
0.0
0.0
0.0
0.0
0.0
0.0
0.0
0.0
0.0
0.0
0.0
0.0
0.0
0.0
0.0
0.0
0.0
0.0
0.0
0.0
0.0
0.0
0.0
0.0
0.0
0.0
0.0
0.0
0.0
0.0
0.0
0.0
0.0
0.0
0.0
0.0
0.0
0.0
0.0
0.0
0.0
0.0
0.0
0.0
0.0
0.0
0.0
0.0
5.373851215017692e-18
0.0
0.0
0.0
0.0
0.0
0.0
0.0
0.0
0.0
0.0
0.0
0.0
0.0
0.0
0.0
0.0
0.0
0.0
0.0
0.0
0.0
0.0
0.0
0.0
0.0
0.0
0.0
0.0
0.0
0.0
0.0
0.0
0.0
0.0
0.0
0.0
0.0
0.0
0.0
0.0
0.0
0.0
0.0
0.0
0.0
0.0
0.0
0.0
0.0
0.0
0.0
0.0
0.0
0.0
0.0
0.0
0.0
0.0
0.0
1.343462803754423e-18
0.0
0.0
0.0
-2.686925607508846e-18
0.0
0.0
0.0
0.0
0.0
0.0
-1.343462803754423e-18
0.0
0.0
0.0
0.0
0.0
0.0
0.0
0.0
0.0
0.0
0.0
0.0
0.0
0.0
0.0
0.0
0.0
0.0
0.0
0.0
0.0
0.0
0.0
-1.343462803754423e-18
0.0
0.0
0.0
0.0
0.0
0.0
0.0
0.0
0.0
0.0
0.0
0.0
0.0
0.0
0.0
0.0
0.0
0.0
0.0
0.0
0.0
0.0
0.0
0.0
0.0
0.0
0.0
0.0
0.0
-6.717314018772115e-19
0.0
0.0
0.0
0.0
0.0
0.0
0.0
0.0
0.0
0.0
0.0
0.0
0.0
0.0
