0.0
0.0
0.0
0.0
0.0
0.0
0.0
0.0
0.0
0.0
0.0
0.0
0.0
0.0
0.0
0.0
0.0006771794461097681
0.0
0.0
0.0
0.0
0.0
0.0
0.0
0.0
0.0
0.0
0.0
0.0
0.0
0.0
0.0
0.0
0.0
0.0
0.0
0.0
0.0
0.0
0.0
0.0
0.0
0.017041040075421218
0.00010722007896737995
0.0
0.0
0.0
0.0
0.0001297927271710389
0.0
0.0
0.0
0.0
0.0
0.0
0.0
0.0
0.0
0.00040066450561494614
0.0
0.0
0.0
0.0
0.0
0.0
0.0
0.0
0.0
0.0
0.0
0.0
0.0
0.0
0.0
0.0
0.0
0.0
0.0
0.0
0.0
0.0
0.0
0.0
0.0
0.0
0.0
0.0
0.0
0.0
0.0
0.0
0.0
0.0
0.0
0.0
0.004879934203416076
0.0
0.0
0.0
0.0
0.0
0.0
0.0
0.0
0.0
0.0
0.0
0.0
0.0
0.0
0.0
0.0
0.0
0.0
0.0
0.0
0.0
0.0
0.0
0.0
0.0
0.0
0.0
0.0
0.0
0.0
0.0
0.0
0.005189771295696461
0.0
0.0
0.0
0.0
0.0
0.0
0.0
0.0
0.0
0.010069705499112538
0.0
0.0015800853742561256
0.0029434523766636647
0.0
0.0
0.004027882199645015
0.0028659931035935685
0.006738956757098391
0.0
0.0
0.0
0.0006771794461097681
0.0
0.0023701280613841885
0.0
0.0
0.0006771794461097681
0.0
0.0
0.0015800853742561256
0.0045700971111356905
0.004802474930345979
0.0
0.0
0.0
0.0009593375486555048
0.0
0.0036405858342945328
0.010844298229813502
0.0
0.0
0.0
0.0015800853742561256
0.0
0.0
0.0
0.0017041040075421218
0.00032166023690213987
0.0
0.0011618890960514467
0.0
0.010069705499112538
0.0
0.0
0.0
0.010069705499112538
0.0
0.0014717261883318324
0.0028659931035935685
0.0062742011186778125
0.0
0.0
0.0009029059281463575
0.0012393483691215432
0.001128632410182947
0.0
0.0
0.0
0.0
0.0
0.0
0.010844298229813502
0.0
0.0
0.0
0.0006771794461097681
0.0
0.0
0.005809445480257233
0.0052672305687665585
0.0
0.00038937818151311667
0.0
0.00022572648203658937
0.0018622434768018623
0.0
0.0
0.0010157691691646523
0.0
0.006893875303238583
0.0
0.0
0.0017815632806122183
0.0003273033989530546
0.0
0.0012393483691215432
0.0
0.0
0.0010157691691646523
0.0
0.0
0.0
0.0
0.0029434523766636647
0.004957393476486173
0.0010722007896737996
0.0
0.0007336110666189155
0.0006771794461097681
0.0
0.0
0.004182800745785208
0.007745927307009645
0.0
0.007745927307009645
0.0
0.0062742011186778125
0.0
0.0
0.0
0.0
0.010844298229813502
0.0
0.0
0.0009593375486555048
0.0
0.0
0.0
0.00035551920920762827
0.0
0.0
0.0
0.0
0.0
0.0
0.0
0.0
0.0
0.0
0.0
0.0
0.0
0.0
0.0
0.0
0.0
0.0
0.0
0.00011850640306920942
0.0
0.0
0.0
0.0
0.0
0.0
0.0
0.0
0.0
0.0002595854543420778
0.0
0.0
0.0
0.0
0.0
0.0
0.0
0.0
0.0
0.0
0.0
0.0
0.0
9.029059281463575e-05
0.0
0.0
0.0
0.0
0.0
0.0
0.0
0.0
0.0
0.0
0.0
0.0
0.0
0.0
0.0
0.0
0.0
0.0
0.0
0.0
0.0
0.0
0.0
0.0
0.0
0.0
0.0
0.0
0.0
0.0
0.0
0.0
0.0
0.0
0.0
0.0
0.0
0.0
0.0
0.0
0.0
0.0
0.0
0.0
0.0
0.0
0.0
0.0
0.0
0.0
0.0
0.0
0.0
0.0
0.0
0.0
0.0
0.0
0.0
0.0
0.0
0.0
0.0
0.0
0.0
0.0
0.0
0.0
0.0
0.0
0.0
0.0
0.0
0.0
0.00017493802357835677
0.0
0.0
0.0
0.0
0.0
0.0
0.0
0.000276514940494822
0.0
0.0
0.0
0.0
0.0
0.0
0.0
0.0
0.0
0.0001805811856292715
0.0
0.0
0.0
0.0
0.0
0.0
0.0
0.0
0.0
0.0
0.0
0.0
0.0
0.00025394229229116306
0.0
0.0
0.0
0.0
0.0
0.0
0.0
0.0
0.0
0.0
0.0016929486152744203
0.0
0.0025394229229116303
0.0
0.0
0.0
0.0037180451073646295
0.0032532894689440506
0.0
0.0020315383383293045
0.0
0.0
0.0
0.0
0.0
0.0
0.0
0.0
0.0
0.0
0.0
0.0
0.0
0.0
0.0
0.00020315383383293043
0.0
0.0
0.0
0.0
0.0
0.0
0.0
0.0
0.0
0.0
0.0
0.0
0.0
0.0
0.0
0.0
0.0
0.0
0.0
0.0
0.0
0.0
0.0
0.0
0.0
0.0
0.0
0.0
0.0
0.0
0.0
0.0
0.0
0.0
0.0
0.0
0.0
0.0
0.0
0.0
0.0
0.0
0.0
0.0
0.0
0.0
0.0
0.0
0.0
0.0
0.0
0.0
0.0
0.0
0.0
0.0
0.0029434523766636647
0.0
0.004492637838065593
0.0
0.002246318919032797
0.0
0.0
0.00348566728815434
0.0
0.00015236537537469783
0.0020879699588384516
0.0
0.0
0.0
0.00037244869536037247
0.0
0.01781563280612218
0.019364818267524113
0.01781563280612218
0.0
0.020139410998225075
0.0028659931035935685
0.007745927307009644
0.016266447344720252
0.0
0.0
0.0015491854614019288
0.002482991302402483
0.0012414956512012416
0.0
0.006506578937888101
0.009295112768411573
0.018590225536823147
0.0
0.0015800853742561256
0.0
0.0012414956512012416
0.008520520037710609
0.0
0.02089015675671046
0.0014717261883318324
0.0
0.006351660391747908
0.0
0.014717261883318324
0.0
0.0015800853742561256
0.0008464743076372101
0.0
0.0
0.0
0.0
0.0
0.0
0.0
0.0
0.0
0.0
0.0
0.0
0.0
0.0
0.0
0.0
0.0
0.0
0.0
0.0
0.0
0.0
0.0
0.0
0.0
0.0
0.0
0.0
0.0
0.0
0.0
0.0
0.0
0.0
0.0
0.0
0.0002595854543420778
0.013168076421916395
0.0
0.0
0.0
0.0
0.0
0.0
0.0009593375486555048
0.0
0.0015800853742561256
0.0
0.0
0.0
0.0
0.0
0.0
0.0
0.0
0.0
0.0
0.0
0.0
0.0
0.0
0.0006771794461097681
0.0
0.0
0.0
0.0
0.0
0.013168076421916395
0.0
0.009295112768411573
9.593375486555048e-05
0.0
0.0
0.0
0.0
0.0
0.010844298229813502
0.0
0.0
0.0
0.0
0.0
0.0
0.00024829913024024833
0.0
0.0
0.0008464743076372101
0.0
0.0
0.010069705499112538
0.0
0.0
0.0
0.0
0.0
0.0
0.0
0.0
-1.9510363657467375e-18
0.0
0.0013168076421916396
0.0
0.0
0.0
0.0
0.00018622434768018623
0.0
0.0
0.00018622434768018623
0.0
0.0
0.0
0.0
0.0
0.0
0.00016929486152744203
0.0
0.0
0.0
0.0
0.0
0.0
0.0
0.0
0.0
0.0
0.0
0.0
0.0
0.0
0.0
0.0
0.0
0.0
0.0
0.0
0.0005586730430405587
0.0012414956512012416
0.0
0.0
0.0
0.0015236537537469783
0.0
0.0
0.0
0.0
0.0
0.0
0.0
0.0
0.0
0.0
0.0
0.0
0.0
0.0005643162050914735
0.0012414956512012416
0.0
0.0
0.0
0.0
0.0
0.0
0.0
0.0014107905127286836
0.0
0.0
0.0
0.0
0.0
0.0011850640306920943
0.0
0.0
0.0
0.0
0.0
0.0
0.0
0.0
0.0
0.0
0.0
0.00038373501946220194
0.0009029059281463575
0.0
0.0
0.0
0.0015236537537469783
0.0
0.0004288803158695198
0.0
0.0
0.0
0.0
0.0
0.0
0.0
0.0
0.0
0.0011850640306920943
0.0
0.0
0.0
0.0
0.0
0.0
0.0
0.0
0.0
0.0
0.0
7.900426871280628e-05
0.0
0.0018622434768018623
0.0
0.0
0.0015800853742561256
0.0
0.0
0.0
0.0
0.0
0.0
0.0
0.0002144401579347599
0.0012393483691215432
0.00017493802357835677
0.0
0.0
0.0002595854543420778
0.0
0.0019364818267524112
0.0
0.0
0.0
0.0002595854543420778
0.0
0.00022572648203658937
0.0014107905127286836
0.0
0.0
0.0
0.0
0.0
0.0
0.00028780126459665146
-1.9510363657467375e-18
0.0014107905127286836
0.0
0.0006207478256006208
0.00012414956512012417
0.0
0.021582374821869855
0.0016929486152744203
0.0
0.0
0.0007900426871280628
0.0
0.0
0.0
0.0
0.0008464743076372101
0.0
0.0
0.0
0.0
0.0
0.0
0.0
0.0
0.0
0.0
0.0
0.0006771794461097681
0.0
0.0
0.0
0.0
0.0
0.0
0.0
0.0
0.0
0.0
0.0
0.0
0.0
0.0
0.0
0.0
0.0
0.0
0.0003103739128003104
0.0
0.0
0.0
0.0
0.0
0.0
0.0
0.0
0.00015800853742561257
0.0
0.0
0.0
0.0
0.0
0.0010722007896737996
0.0
0.0
0.0
0.0
0.0015800853742561256
0.0
0.0
0.0
0.00027087177844390726
0.0
0.0
0.0
0.0
0.001297927271710389
0.0
0.0
0.0
0.0
0.0
0.0017041040075421218
0.00014107905127286837
0.0
0.0
0.0
0.0
0.0
0.0
0.0
0.0
0.0009029059281463575
0.0
0.0
0.0
0.00019186750973110097
0.0
0.0
0.0
0.0
0.0
0.0
0.0
0.0
0.0
0.0
0.0
0.0
0.0
0.0
0.0
0.0
0.0
0.0
0.0
0.0
0.00034987604715671353
0.0
9.755181828733687e-19
0.0
0.0001975106717820157
0.0
0.0
0.0
0.001297927271710389
0.0
0.0
0.0
0.0
0.0007900426871280628
0.0005361003948368998
0.0
0.0
0.0
-3.902072731493475e-18
3.902072731493475e-18
0.0
0.0
0.0
0.00011286324101829468
0.0
0.001128632410182947
7.80414546298695e-18
0.0
0.0
0.0
0.0
0.0
-1.9510363657467375e-18
0.0
0.0
0.0
0.0
0.0
0.025561560113131824
0.0
0.0
0.0
0.001185064030692094
0.0
0.0006771794461097681
0.0
0.0013543588922195363
0.0
0.0
0.0
0.0007900426871280628
4.877590914366844e-19
0.0
0.0
0.0
0.0
0.0
0.0
0.0
0.0
0.0
0.0
0.0
0.0
0.0
0.0
0.0
0.0
0.0
0.0
0.0
0.0008464743076372101
0.0
0.0
0.0
0.0
0.0
0.0
0.0
0.021688596459627004
-2.438795457183422e-19
0.0
9.755181828733687e-19
0.0
0.0
0.0
0.0
0.0006771794461097681
0.0
0.0009029059281463575
0.0
0.0
0.0
0.0
0.0
0.0
0.021688596459627004
0.0
0.0
0.0011850640306920943
0.0
0.0
0.0
0.0
0.0
0.0
0.0
0.0
0.0
0.0
0.0
0.0
0.0
0.0
0.0
0.0
0.00010722007896737995
0.0
0.0
0.0
0.0
0.0
0.0
0.0
0.0
0.0
3.902072731493475e-18
0.0
0.0
0.0
0.0
0.0
0.0
0.0
0.0
0.001975106717820157
0.0
0.0
0.0
0.0
0.0
0.0
0.0
0.0
0.0
0.0
0.0017041040075421218
0.0
0.0
0.0
0.0
-3.902072731493475e-18
0.0
0.000276514940494822
0.0
0.0
0.0
0.0
0.0
0.0
0.0006207478256006208
0.0
0.0015491854614019288
0.0010722007896737996
0.0
0.0
0.0
0.0009029059281463575
0.0012393483691215432
0.0
0.0
0.0
0.0
0.0
0.0
0.0
0.0
0.0
0.0
0.0
0.0016266447344720253
0.0
0.0
0.0
0.0
0.0
0.0
0.0
0.0007336110666189155
0.0
0.0
0.0
0.0
0.0
0.0
0.0
0.0
0.0
0.0
0.0016929486152744203
0.0
0.0
0.0008464743076372101
0.0
0.0
0.0
0.0
0.0
0.0
0.0
0.0
0.0007900426871280628
0.0
0.0
0.0011850640306920943
0.0015236537537469783
0.0
0.0
0.0
0.0
0.0
0.0
0.0
0.0
0.0
0.0
0.0
0.0
0.0
0.0
0.0
0.0
0.0
0.0
0.0
0.0
0.0
0.0
0.0
0.0
0.0
0.0
0.0
0.0
0.0
0.0
0.0
0.0
0.0
0.0
0.0
0.0
0.0
0.0
0.0
0.0
0.0
0.0
0.0
0.00035551920920762827
0.0
0.0
0.0
0.0
0.0
0.0001467222133237831
0.0017815632806122183
0.0
0.0
0.0
0.0
0.0
0.0
0.0
0.0
0.0
0.0
0.0
0.0
0.0
0.0
0.0
0.0
0.0
0.0
0.0
0.00040066450561494614
0.001805811856292715
0.0014107905127286836
0.0
0.0
0.0
0.0
0.0
0.0015236537537469783
0.0
0.0
0.0
0.0
0.0
0.0
0.0
0.0
0.0
0.0
0.0
0.0
0.0
0.0
0.0008464743076372101
0.0014672221332378307
0.0
0.0
0.0
0.0
0.0
0.0
0.0
0.0
0.0012393483691215432
0.0
0.0
0.0
0.0
0.0
0.0
0.0
0.0
0.0
0.0
0.0
0.0
0.0
0.0005135277466332408
0.0
0.0
0.0
0.0
0.0
0.0028780126459665143
0.0
0.0
0.0
0.0
0.0
0.0018622434768018623
0.0
0.004492637838065594
0.0
0.0008464743076372101
0.0
0.0007745927307009644
0.0
0.010069705499112538
0.0
0.0
0.0
0.0
0.0
0.0
0.0
0.0
0.0
0.0
0.0
0.0
0.0
0.0
0.0
0.0
0.0
0.0001467222133237831
0.0
0.0
0.0
0.0
0.0
0.002313696440875041
0.0
0.0
0.0
0.0
0.0006771794461097681
0.00015236537537469783
0.0
0.0
0.0
0.0
0.0
0.0
0.0
0.0
0.0
0.0
0.0
0.0
0.00026522861639299253
0.0
0.0
0.0
0.00030473075074939567
0.0
0.0
0.0
0.0
0.0013543588922195363
0.0
0.0
0.0
0.0
0.0
0.0
0.0
0.0
0.001636516994765273
0.0
0.0
0.0
0.00011850640306920942
0.0
0.0011850640306920943
0.0
0.0
0.00046838245022592294
0.0
0.0002144401579347599
0.0
0.0
0.0
0.0
0.0
0.0006207478256006208
0.0006207478256006208
0.0
0.0
0.0
0.0
0.0023237781921028934
0.0
0.0
0.0
0.0
0.0
0.0015236537537469783
0.0
0.0
0.0
0.0
0.0
0.0
0.0
0.0
0.0
0.0
0.0
0.0
0.0
0.0
0.0
0.0
0.0
0.0
0.0
0.0
0.0
0.0
0.0
0.0
0.0
0.0
0.0
0.0
0.0
0.0
0.0
0.0
0.0
0.0
0.0
0.0020879699588384516
0.0
0.0
0.0
0.0
0.0
0.0
0.0
0.0
0.0
0.0
0.0
0.0
0.00013543588922195363
0.0
0.0
0.0
0.0
0.0
0.0
0.0
0.0
0.0
0.0010157691691646523
0.0
0.0
9.593375486555048e-05
0.0
0.0
0.0
0.0
0.0
0.0
0.0
0.0
0.0
0.0
0.0
0.001636516994765273
0.0
0.0
0.0
0.0
0.00020879699588384517
0.0
0.0
0.0
0.0015800853742561256
0.0
0.0
0.0
0.0
0.0
0.0
0.0
0.0
0.0
0.0
0.0
0.0
0.0
0.0012414956512012416
0.0010722007896737996
0.0011850640306920943
0.0
0.0019186750973110096
0.0
0.0
0.0
0.0
0.0009029059281463575
0.0
0.0
0.001975106717820157
0.0
0.0
0.0
0.0
0.0017493802357835676
0.0006771794461097681
0.0
0.0
0.0
0.0
0.0
0.0
0.0
0.0
0.0
0.0
0.0
0.0
0.0
9.029059281463575e-05
0.0
0.0
0.0
0.0
0.0
0.0
0.0
0.0
0.0
0.0
0.0
0.0
0.0
0.0
0.0
0.0
0.0
0.0012414956512012416
0.0007336110666189154
0.0
0.0
0.0
0.0
0.0
0.0
0.0
0.0
0.0
0.0
0.0
0.0
0.0008464743076372101
0.0015236537537469783
0.0
0.0
0.0
0.00030473075074939567
0.0
0.0
0.0
0.0
0.0
0.0
0.0
0.0
0.0
0.0
0.0
0.0
0.0
0.0
0.0
0.0
0.0
0.0
0.0
0.0
0.0
0.0
0.0
0.0
0.0009029059281463575
0.0
0.0
0.0
0.0
0.0
0.0
0.0
0.0
0.0
0.0
0.0
0.0
0.001467222133237831
0.0
0.0
0.0
0.0
0.00048531193637866714
0.0
0.0
0.0
0.0
0.0015800853742561256
0.0
0.0
0.0
0.0
0.0
0.0
0.0
0.0
0.0
0.0
0.0
0.0
0.0
0.0
0.0
0.0
0.0
0.0
0.0
0.0
0.0
0.0
0.0
0.0
0.0
0.0
0.0
0.0
0.0
0.0
0.0
0.0
0.0
0.0
0.0
0.0
0.0
0.0
0.0
0.0
0.0
0.0
0.0045700971111356905
0.0
0.0
0.0
0.0
0.0
0.0
0.0
0.0
0.0
0.0018590225536823147
0.00011850640306920942
0.0
0.0
0.0
0.0
0.0
0.0
0.0
0.0
0.0
0.0
0.0
0.0
0.0
0.0
0.0
0.0
0.0
0.0
0.0
0.0
0.0
0.0
0.0
0.0
0.0
0.0
0.0
0.0
0.0
0.0
0.0
0.0
0.0
0.0
0.0
0.0
0.0
0.0
0.0
0.0
0.0
0.0
0.0
0.0
0.0
0.0
0.0
0.0
0.0
0.0
0.0
0.0
0.0
0.0
0.004027882199645015
0.0
0.0
0.0
0.0
0.0
0.0
0.0
0.0
0.0
0.0
0.0
0.0
0.0
0.0
0.0
0.0
0.0
0.0
0.0
0.0
0.0
0.0
0.01394266915261736
0.0
0.0
0.0
0.0
0.0
0.0
0.0
0.0
0.0
0.0
0.0
0.0
0.0
0.0
0.0
0.0
0.0
0.0
0.0
0.0
0.0
0.0
0.0
0.0
0.0
0.0
0.0
0.0
0.0
0.0
0.0
0.0
0.0
0.0
0.0
0.0
0.0
0.0
0.0
0.0
0.0
0.0
0.0
0.0
0.0
0.0
0.0
0.0
0.0
0.0
0.0
0.0
0.0
0.0
0.0
0.0
0.004647556384205787
0.0
0.0
0.004337719291925401
0.0
0.0021688596459627004
0.0
0.0
0.0
0.0
0.0
0.0
0.0
0.0
0.0
0.0
0.0
0.0
0.0
0.0
0.0
0.0
0.0
0.0
0.0
0.0
-1.9510363657467375e-18
0.0
0.0
0.0
0.0
0.0
0.0
0.0
0.0
0.0
0.0
0.0
0.0
0.0
0.0
0.0
0.0
0.0
0.0
0.0
0.0
0.0
0.0
0.0
0.0
0.0
0.0
0.0
0.0
0.0
0.0
0.0
0.0
0.0
0.0
0.0
0.0
0.0
0.0
0.0
0.0
0.0
0.0
0.0
0.0
0.0
0.0
0.0
0.0
0.001015769169164652
0.0
0.0
0.0
0.0
0.0
0.0
0.0
0.0
0.0
0.0
0.0
0.0
0.0
0.0
0.0
0.0
0.0
0.0
0.0
0.0
0.0
0.0
0.0
0.0
0.0
0.0
0.0
0.0
0.0
0.0
0.0
0.0
0.0
0.0
0.002144401579347599
0.0
0.0
0.0
0.0
0.0
0.0
0.0
0.0
0.0
0.0
0.0
0.0
0.0
0.0
0.0
0.0
0.0
0.0
0.0
0.0
0.0
0.0
0.0
0.0
0.0
0.0
0.0
0.0
0.0
0.0
0.0
0.0
0.0
0.0
0.0
0.0
0.0
0.0
0.0
0.0
0.0020139410998225075
0.0
0.0009593375486555048
0.0
0.0
0.0010069705499112537
0.0009029059281463575
0.0
0.0
0.0
0.0
0.0
0.0
0.0
0.0
0.0
0.0
0.0
0.0
0.0
0.0
0.0
0.0
0.0
0.0
0.0
-9.755181828733687e-19
0.0
0.0
0.0
0.0
0.0
0.0
0.0
0.0
0.0
0.0
0.0
0.0
0.0
0.0
0.0
0.0
0.0
0.0
0.0
0.0
0.0
0.0
0.0002144401579347599
0.0
0.0
0.0
0.0
0.0
0.0
0.0
0.0
0.0
0.0
0.0
0.0
0.0
0.0
0.0
0.0
0.0
0.0
0.0
0.0
0.0
0.0
0.0
0.0
0.0
0.0
0.0
0.0
0.0
0.0
0.0
0.0
0.0
0.0
0.0
0.0
0.0
0.0
0.0
0.0
0.0
0.0
0.0
0.0
0.0
0.0
0.0
0.0
0.0
0.0
0.0
0.0
0.0
0.0
0.0
0.0
0.0
0.0
0.0
0.0
0.0
0.0
0.0
0.0
0.0
0.0
0.0
0.0
0.0
0.0
0.0
0.0
0.0
0.0
0.0
0.0
0.0
0.0
0.0
0.0
0.0
0.0
0.0
0.0
0.0
0.0
0.0
0.0
0.0
0.0
0.0
0.0
0.0
0.0
0.0
0.0
0.0
0.0
0.0
0.0
0.0
0.0
0.0
0.0
0.0
0.0
0.0
0.0
0.0
0.0
0.0
0.0
0.0
0.0
0.0
0.0
0.0
0.0
0.0
0.0
0.0
0.0
0.0032532894689440506
0.0
0.0
0.0
0.0
0.0
0.0
0.0
0.0
0.0
0.0
0.0
0.0
0.0
0.0
0.0
0.0
0.0
0.0
0.0
0.0
0.0
0.0
0.0
0.0
0.0
0.0
0.0
0.0
0.0
0.0024786967382430863
0.0
0.0
0.0
0.0
0.0
0.0
0.0
0.005731986207187137
0.0
0.0
0.0
0.0
0.0005248140707350703
0.0
0.0
0.002788533830523472
0.0
0.0
0.0
0.0
0.0
0.0
0.0
0.0
0.0
0.0
0.0
0.0
0.0
0.0
0.0
0.0
0.0
0.0009029059281463575
0.0014717261883318324
0.01394266915261736
0.0
0.0
0.0
0.004337719291925401
0.0
0.0
0.0
0.0
0.0
0.0
0.0
0.002144401579347599
0.0
0.0
0.0
0.0
0.0
0.0
0.0
0.0
0.0
0.0
0.0
0.0
0.0
0.0
0.0
0.0
0.0
0.0
0.0
0.0
0.0
0.0
0.0
0.0
0.0014107905127286836
0.0
0.0
0.0
0.0
0.0
0.0
0.0
0.0
0.0
0.0
0.0
0.0
0.0
0.0
0.0
0.0
0.0
0.0
0.0
0.0
0.0
0.0
0.0
0.0
0.0
0.0
0.0
0.0
0.0
0.0
0.0
0.0
0.0
0.0
0.0
0.0
0.0
9.755181828733687e-19
0.0
0.0
0.0
0.0
0.0024012374651729896
0.0020315383383293045
0.0
0.0
0.0
0.0
0.0
0.0
0.0
0.0
0.0
0.0
0.0
0.0
0.0
0.0
0.0
0.0
0.0
0.0
0.0
0.0
0.0
0.0
0.0
0.0
0.0
0.0
0.0
0.0
0.0
0.0
0.0
0.0
0.0
0.0
0.0017493802357835676
0.0
0.0
0.0
0.0
0.0
0.0
0.0
0.0
0.0
0.0
0.0
0.0
0.0
0.0
0.0
0.0
0.0
0.0
0.0
0.0
0.0
0.0
0.0
0.0
0.0
0.0
0.0
0.0
0.0
0.0
0.0
0.0
0.0019186750973110096
4.877590914366844e-19
0.0
0.0
0.0
0.0
0.0
0.0
0.0
0.0
0.0
0.0
0.0
0.0
0.0
0.0
0.0
0.0
0.0
0.0
0.0
0.0
0.0
0.0
0.0
0.0
0.0
0.0
0.0
0.0
0.0
0.0
0.0
0.0
0.0
0.0
0.0
0.0
0.0
0.00028215810254573673
0.0
0.0
0.0
0.0
0.0
0.0
0.0
0.0
0.0
0.0
0.0
0.0
0.0
0.0
0.0
0.0
0.0
0.0
0.0
0.0
0.0
0.0
0.0
0.0
0.0
0.0
0.0
0.0
0.0
0.0
0.0
0.0
0.0
0.0
0.0
0.0
0.0
0.0
0.0
0.0
0.0
0.0
0.0
0.0
0.0
0.0
0.0
0.0
0.0
0.0
0.0
0.0
0.0
0.0
0.0
0.0
0.0
0.0007336110666189155
0.0
0.0
0.0
0.0
0.0
0.0
0.0
0.0
0.0
0.0
0.0
0.0
0.0
0.0
0.0
0.0
0.0
0.0
0.0
0.00012414956512012417
0.0
0.0
0.0
0.0
0.0
0.0
0.0
0.0
0.0
0.0
0.0
0.0
0.0
0.0
0.0
0.0
0.0
0.0
0.0
0.0
0.0
0.0
0.0016929486152744203
0.0
0.0
0.0
0.0
0.0
0.0
0.0
0.0
0.0
0.0
0.0
0.0
0.0
0.0
0.0
0.0
0.0
0.0
0.0
0.00029908758869848093
0.0
0.0
0.0
0.0
0.0
0.0
0.0007900426871280628
0.0
0.0022572648203658934
0.0
0.0
0.0
0.0
0.0
0.0
0.0
0.0
0.0
0.0
0.0
0.0
0.0
0.0
0.00027087177844390726
0.00020879699588384517
0.0
0.0
0.0
0.0
0.0
0.0
0.0
0.0
0.0
0.0
0.0
0.0
0.0
0.0
0.0
0.0
0.0
0.0
0.0
0.0
0.0
0.0
0.0
0.0
0.0
0.0
0.0
0.0
0.0
0.0
0.0
0.0
0.0
0.0
0.0
0.0
0.0
0.0
0.0
0.0
0.0
0.0
0.0
0.0
0.0016929486152744203
0.0
0.0
0.0
0.0
0.0
0.0
0.0
0.0
0.0
0.0
0.0
0.0
0.0
0.0009029059281463575
0.0
0.0020879699588384516
0.0
0.0
0.0
0.016266447344720252
0.0
0.0
0.0
0.0
0.0032532894689440506
0.0
0.0
0.0
0.0
0.0
0.0
0.0
0.0
0.0
0.0
0.0
0.0
0.0
0.0
0.0
0.0
0.0
0.0
0.004182800745785208
0.0
0.00018622434768018623
0.0014107905127286836
0.0
0.0
0.0
0.0
0.0
0.0
0.0
0.0
0.0
0.0
0.0
0.0
0.0
0.0
0.0
0.0
0.0
0.0
0.0
0.0
0.0015491854614019288
0.0
0.0
0.0
0.0
0.0
0.0
0.0
0.0
0.0
0.0
0.0
0.0
0.0
0.0
0.0
0.0
0.0025561560113131826
0.0
0.0008520520037710609
0.0
0.0
0.0
0.0
0.0
0.0
0.0
0.0
0.0
0.0
0.0
0.0
0.0
0.0
0.0
0.0
0.0
0.0
0.0
0.0
0.0
0.0
0.0
0.0
0.0
0.0
0.0
0.0
0.0
0.0
0.0
0.0
0.0010722007896737996
0.0
0.0
0.0
0.0
0.0
0.0
0.0
0.0
0.0
0.0
0.0
0.0
0.0
0.0
0.0
1.9510363657467375e-18
0.0
0.0
0.0
0.0
0.0
0.0
0.0
0.0
0.0
0.0
0.009295112768411573
0.0
0.0
0.0
0.0
0.001975106717820157
0.0023237781921028934
0.0
0.0
0.0
0.0
0.0
0.0
0.0
0.0
0.0
0.0019186750973110096
0.0
0.0
0.0
0.0
0.0
0.0
0.0
0.0
0.0
0.0
0.0
0.0
0.0
0.0
0.0
0.0
0.0
0.0
0.0
0.0
0.0
0.0
0.0
0.0
0.0
0.0
0.0
0.0
0.0
0.0
0.0
0.0072811716685890655
0.0
0.0
0.0
0.0
0.0
0.0
0.0
0.0
0.0
0.0
0.0
0.0
0.0
0.0
0.0
0.0
0.0
0.0
0.0
0.0
0.0
0.0
0.0
0.0
0.0
0.0
0.0
0.0
0.0
0.0
0.0
0.0
0.0
0.0
0.0
0.0
0.0
0.0
0.0
0.0
0.0
0.0
0.0
0.0
0.0
0.0
0.0
0.0
0.0
0.0
0.0
0.0
0.0
0.0
0.0
0.0
0.0
0.0
0.0
0.0
0.0
0.0
0.0
0.0
0.0
0.0
0.0
0.0
0.0
0.0
0.0
0.0
0.0
0.0
0.0
0.0
0.0
0.0
0.0
0.0
0.0
0.0
0.0
0.0
0.0
0.0
0.0
0.0
0.0
0.0
0.0
0.0
0.0
0.0
0.0
0.0
0.0
0.0
0.0
0.0
0.0
0.0
0.0
0.0
0.0
0.0
0.0
0.0
0.0
0.0
0.0
0.0
0.0
0.0
0.0
0.0
0.0
0.0
0.0
0.0
0.0
0.0
0.0
0.0
0.0
0.0
0.0
0.0
0.0
0.0
0.0
0.0
0.0
0.0
0.0
0.0
0.0
0.0
0.0
0.0
0.0
0.0
0.0
0.0
0.0
0.0
0.0
0.0
0.0
0.0
0.0
0.0
0.0
0.0
0.0
0.0
0.0
0.0
0.0
0.0
0.0
0.0
0.0
0.0
0.0
0.0
0.0
0.0
0.0
0.0
0.0
0.0
0.0
0.0
0.0
0.0
0.0
0.0
0.0
0.0
0.0
0.0
0.0
0.0
0.0
0.0
0.0
0.0
0.0
0.0
0.0
0.0
0.0
0.0
0.0
0.0
0.0
0.0
0.0
0.0
0.0
0.0
0.0
0.0
0.0
0.0
0.0
0.0
0.0
0.0
0.0
0.0
0.0
0.0
0.0
0.0
0.0
0.0
0.0
0.0
0.0
0.0
0.0
0.0
0.0
0.0
0.0
0.0
0.0
0.0
0.0
0.0
0.0
0.0
0.0
0.0
0.0
0.0
0.0
0.0
0.0
0.0
0.0
0.0
0.0
0.0
0.0
0.0
0.0
0.0
0.0
0.0
0.0
0.0
0.0
0.0
0.0
0.0
0.0
0.0
0.0
0.0
0.0
0.0
0.0
0.0
0.0
0.0
0.0
0.0
0.0
0.0
0.0
0.0
0.0
0.0
0.0
0.0
0.0
0.0
0.0
0.0
0.0
0.0
0.0
0.0
0.0
0.0
0.0
0.0
0.0
0.0
0.0
0.0
0.0
0.0
0.0
0.0
0.0
0.0
0.0
0.0
0.0
0.0
0.0
0.0
0.0
0.0
0.0
0.0
0.0
0.0
0.0
0.0
0.0
0.0
0.0
0.0
0.0
0.0
0.0
0.0
0.0
0.0
0.0
0.0
0.0
0.0
0.0
0.0
0.0
0.0
0.0
0.0
0.0
0.0
0.0
0.0
0.0
0.0
0.0
0.0
0.0
0.0
0.0
0.0
0.0
0.0
0.0
0.0
0.0
0.0
0.0
0.0
0.0
0.0
0.0
0.0
0.0
0.0
0.0
0.0
0.0
0.0
0.0
0.0
0.0
0.0
0.0
0.0
0.0
0.0
0.0
0.0
0.0
0.0
0.0
0.0
0.0
0.0
0.0
0.0
0.0
0.0
0.0
0.0
0.0
0.0
0.0
0.0
0.0
0.0
0.0
0.0
0.0
0.0
0.0
0.0
0.0
0.0
0.0
0.0
0.0
0.0
0.0
0.0
0.0
0.0
0.0
0.0
0.0
0.0
0.0
0.0
0.0
0.0
0.0
0.0
0.0
0.0
0.0
0.0
0.0
0.0
0.0
0.0
0.0
0.0
0.0
0.0
0.0
0.0
0.0
0.0
0.0
0.0
0.0
0.0
0.0
0.0
0.0
0.0
0.0
0.0
0.0
0.0
0.0
0.0
0.0
0.0
0.0
0.0
0.0
0.0
0.0
0.0
0.0
0.0
0.0
0.0
0.0
0.0
0.0
0.0
0.0
0.0
0.0
0.0
0.0
0.0
0.0
0.0
0.0
0.0
0.0
0.0
0.0
0.0
0.0
0.0
0.0
0.0
0.0
0.0
0.0
0.0
0.0
0.0
0.0
0.0
0.0
0.0
0.0
0.0
0.0
0.0
0.0
0.0
0.0
0.0
0.0
0.0
0.0
0.0
0.0
0.0
0.0
0.0
0.0
0.0
0.0
0.0
0.0
0.0
0.0
0.0
0.0
0.0
0.0
0.0
0.0
0.0
0.0
0.0
0.0
0.0
0.0
0.0
0.0
0.0
0.0
0.0
0.0
0.0
0.0
0.0
0.0
0.0
0.0
0.0
0.0
0.0
0.0
0.0
0.0
0.0
0.0
0.0
0.0
0.0
0.0
0.0
0.0
0.0
0.0
0.0
0.0
0.0
0.0
0.0
0.0
0.0
0.0
0.0
0.0
0.0
0.0
0.0
0.0
0.0
0.0
0.0
0.0
0.0
0.0
0.0
0.0
0.0
0.0
0.0
0.0
0.0
0.0
0.0
0.0
0.0
0.0
0.0
0.0
0.0
0.0
0.0
0.0
0.0
0.0
0.0
0.0
0.0
0.0
0.0
0.0
0.0
0.0
0.0
0.0
0.0
0.0
0.0
0.0
0.0
0.0
0.0
0.0
0.0
0.0
0.0
0.0
0.0
0.0
0.0
0.0
0.0
0.0
0.0
0.0
0.0
0.0
0.0
0.0
0.0
0.004725015657275883
0.0
0.0
0.0
0.0
0.0
0.0
0.0
0.0
0.0
0.0
0.0
0.0
0.0
0.0
0.0
0.0
0.0
0.0
0.0
0.0
0.0
0.0
0.0
0.0
0.0
0.0
0.0
0.0
0.0
0.0
0.0
0.0
0.0
0.0
0.0
0.0
0.0
0.0
0.0
0.0
0.0
0.0
0.0
0.0
0.0
0.0
0.0
0.0
0.0
0.0
0.0
0.0
0.0
0.0
0.0
0.0
0.0
0.0
0.0
0.0
0.0
0.0008464743076372101
0.0
0.0
0.002990875886984809
0.0
0.001975106717820157
0.0
0.0
0.0
0.0
0.0
0.0
0.0
0.0
0.0
0.0006771794461097681
0.0
0.0
0.0
0.01394266915261736
0.0
0.024012374651729895
0.0
0.0
0.0
0.0
0.0
0.0
0.0037180451073646295
0.00018622434768018623
0.0037180451073646295
0.0
0.0
0.0
0.0
0.0
0.0014717261883318324
0.0023237781921028934
0.0
0.0
0.0
0.0
0.0015236537537469783
0.0
0.0009029059281463575
0.0012393483691215432
0.0020879699588384516
0.0
0.0
0.001636516994765273
0.0
0.0031601707485122512
0.0006207478256006208
0.0
0.0
0.00697133457630868
0.0
0.0009029059281463575
0.0030983709228038577
0.0
0.0
0.0
0.0
0.0
0.0
0.001297927271710389
0.0
0.001128632410182947
0.0
0.0
0.0
0.0
0.0
0.0
0.0
0.0
0.0
0.0
0.0
0.0
0.0
0.0
0.0
0.0
0.0
0.0
0.0
0.0
0.0
0.0
0.0
0.0
0.0
0.0
0.0
0.0
0.0
0.0
0.0
0.0
0.0
0.0
0.0
0.0
0.0
0.0
0.0
0.0
0.0
0.0
0.0
0.0
0.0
0.0
0.0
0.0
0.0
0.0
0.0
0.0
0.0
0.0
0.0
0.0
0.0
0.0
0.0
0.0
0.0
0.0
0.0
0.0
0.0
0.0
0.0
0.0
0.0
0.0
0.0
0.0
0.0
0.0
0.0
0.0
0.0
0.0
0.0
0.025561560113131827
