0.0
0.0
0.0
0.0
0.0
0.0
0.0
0.0
0.0
0.0
0.0
0.0
0.0
0.0
0.0
0.0
0.0
0.0
0.0
0.0
0.0
0.0
0.0
0.0
0.0
0.0
0.0
0.0
0.0
0.0
0.0
0.0
0.0
0.0
0.0
0.0
0.0
0.0
0.0
0.0
0.0
0.0
0.0
0.0
0.0
0.0
0.0
0.0
0.0
0.0
0.0
0.0
0.0
0.0
0.0
0.0
0.0
0.0
0.0
0.0
0.001276339084681449
0.0
0.0
0.0
0.0
0.0
0.0
0.0
0.0
0.0
0.0
0.0
0.0
0.0
0.0
0.0
0.0014540571850801317
0.0
0.0
0.0
0.0
0.0
0.0
0.0
0.0
0.0
0.0
0.0
0.0
0.0
0.0
0.0
0.0
0.0
0.0
0.0
0.0
0.0
0.0
0.0
0.0
0.0
0.0
0.0
0.0
0.0
0.0
0.0
0.0
0.0
0.0
0.0
0.0
0.0
0.0
0.0
0.0
0.0
0.0
0.0
0.0
0.0
0.0
0.0
0.0
0.0
0.0
0.0
0.0
0.0
0.0
0.0
0.0
0.0
0.0
0.0
0.0
0.0
0.0
0.0
0.0
0.0
0.0
0.0
0.0
0.0
0.0
0.0
0.0
0.0
0.0
0.0
0.0
0.0
0.0
0.0
0.0
0.0
0.0
0.0
0.0
0.0
0.0
0.0
0.0
0.0
0.0
0.0
0.0
0.0
0.0
0.0
0.0
0.0
0.0029081143701602634
0.0
0.0
0.0
0.0
0.0
0.0
0.0
0.0
0.0
0.0
0.0
0.0
0.0
0.0
0.0
0.0
0.0
0.0
0.0
0.0
0.0
0.0
0.0
0.0
0.0
0.0
0.0
0.0
0.0
0.0
0.0
0.0
0.0
0.0
0.0
0.0
0.0
0.0
0.0
0.0
0.0
0.0
0.0
0.0
0.0
0.0
0.0
0.0
0.0
0.0
0.0
0.0
0.0
0.0
0.0
0.0
0.0
0.0
0.0
0.0
0.0
0.0
0.0
0.0
0.0032312381890669596
0.0
0.0007431847834854006
0.0
0.0
0.0
0.0
0.0
3.8298760031023825e-19
0.0
0.0
0.0
0.0
0.0
0.0
0.0
0.0
0.0
0.0
0.0
0.0
0.0
0.0
0.0
0.0
0.0
0.0
0.0
0.0
0.0
0.0
0.0
0.0
0.0
0.004039047736333699
0.0
0.0
0.01195558129954775
0.0
0.0
0.0
0.0
0.0
0.0
0.0
0.0
0.0
0.0
0.0004200609645787047
0.0
0.0009209028838840835
0.0
0.021003048228935235
0.0
0.0
0.0
0.0005008419193053787
0.0012278705118454445
0.0035543620079736553
0.0
0.0
0.0
0.0
0.0
0.0
0.0
0.0
0.0
0.0
0.0
0.0
0.0022618667323468715
0.0
0.0
0.003715923917427003
0.0007270285925400658
0.0
0.0
0.0
0.0
0.0
0.000630091446868057
0.0
0.00032312381890669596
0.0006139352559227223
0.0
0.0
0.0
0.0
0.0
0.0
0.0
0.0008401219291574094
0.0
0.0
0.0
0.0024234286418002193
0.0
0.00027465524607069155
0.00030696762796136114
0.0
0.0
0.0
0.0
0.0
0.0
0.0012278705118454445
0.017771810039868278
0.0017771810039868277
0.0
0.0
0.0
0.0
0.0
0.0032312381890669596
0.0
0.0
0.0
0.0
0.00022618667323468715
0.0
0.0008239657382120747
0.0
0.0
0.0
0.0
0.0
0.0
0.010501524114467618
0.0003715923917427003
0.0
0.0006785600197040614
0.0
0.004362171555240395
0.006462476378133919
0.0
0.0005977790649773875
0.0
0.001114777175228101
0.0
0.0
0.0
0.0
0.009693714567200877
0.0
0.0
0.00030696762796136114
0.0024234286418002193
0.0
0.0022618667323468715
0.0024234286418002193
0.00791653356321405
0.0
0.0008562781201027442
0.0
0.0
0.0
0.0
0.0
0.010016838386107575
0.022618667323468716
0.003877485826880351
0.0
0.0
0.0
0.0
0.0
0.0
0.0
0.0
0.0027465524607069155
0.0
0.0
0.0
0.0
0.0
0.0
0.0
0.0
0.0
0.0
0.0
0.0
0.0
0.0
0.0
0.0
0.0030696762796136113
0.0025849905512535677
0.008078095472667399
0.0030696762796136113
0.0
0.0
0.0
0.0
0.0
0.0
0.0
0.0
0.0005977790649773875
0.0
0.0
0.0
0.0
0.0
0.0
4.787345003877978e-20
0.003877485826880351
0.0
0.0
0.0011794019390094401
0.0
0.0
0.0033928000985203074
0.0013732762303534578
0.0
0.0
0.0010986209842827662
0.0
0.0
0.0
0.0
0.0025849905512535677
0.0
0.0
0.0
0.0006947162106493963
0.0
0.0
0.0
0.010016838386107577
0.0
0.0017771810039868277
0.0
0.0
0.0006139352559227223
0.0
0.0
0.0
0.0
0.0
0.0
0.0
0.0
0.0
0.0
0.0
0.0
0.0
0.0
0.0032312381890669596
0.0
0.0
0.0
0.0
0.0022618667323468715
0.0
-7.659752006204765e-19
0.014702133760254666
0.0
0.0
0.0
0.0
0.0
0.0
0.0
0.0032312381890669596
0.0
0.0
0.0006462476378133919
0.0
0.0
0.0
0.0015509943307521405
0.0
0.0
0.0
0.0
0.0
0.0
0.0024234286418002193
0.001518681948861471
0.0
0.0
0.0
0.001518681948861471
0.0
0.0
0.0033928000985203074
0.0
0.0027465524607069155
0.0
0.0
0.0
0.0
0.0
0.0
0.0029081143701602634
0.0
0.0
0.0
0.0
0.0016156190945334798
0.0030477352747484993
0.0025849905512535677
0.0
0.0
0.0
0.0
0.0
0.0
0.0
0.0
0.0
0.0
0.0
0.0
0.0030477352747484993
0.0025849905512535677
0.0
0.0
0.0
0.0
0.0
0.0017771810039868277
0.0
0.0
3.8298760031023825e-19
0.0
1.531950401240953e-18
0.0
0.005169981102507135
0.0
0.0
0.0
0.0
0.0
0.0
0.0
0.0
0.0
0.0
0.0
0.0
0.0
0.0
0.0
0.0
0.0
0.0
0.0
3.8298760031023825e-19
0.005169981102507135
1.9149380015511913e-19
0.0
0.0
0.0
0.0
0.0
0.0
0.0
0.0
0.0
0.0029081143701602634
0.0
0.0
7.659752006204765e-19
0.0
0.0
0.0
0.0
0.0
0.0
0.0
0.0
0.0
7.659752006204765e-19
0.0
0.0
0.0
0.0
0.0
0.0
0.0
0.0
0.0
0.0
0.0
0.0
0.0
0.0
0.0
0.0
0.0
0.0
0.0
0.0
3.8298760031023825e-19
0.0
0.0
7.659752006204765e-19
0.0
0.0
0.0
0.0
0.0
0.0
0.0
0.0
0.0
0.0
0.0
0.0
0.0
0.0
0.0
0.0
0.0
0.0
0.0
0.0
0.0
-4.787345003877978e-20
0.0
0.0
0.0
0.0
0.0
0.0
0.0
0.0
0.0
0.0
0.0
0.0030477352747484993
0.0
0.0
0.0
0.0
0.0
0.0
0.0
0.0
0.0
0.0
0.0
0.0
0.0
0.0
0.0
0.0
0.0
0.0
0.0
0.0
0.0
0.0007754971653760703
0.005654666830867179
0.0
0.0
0.0
0.0
0.0
-7.659752006204765e-19
0.0
0.0
0.0
0.0
0.0
0.0
0.0
0.0
0.0
0.0
0.0
0.0
0.0
0.0
0.0
0.0
0.0
0.0
0.0
0.0
0.0
0.0
0.0
0.0
0.0
0.0
0.0030696762796136117
0.0
0.0
0.0012924952756267838
0.0
0.0005169981102507135
0.0
0.0
0.0
0.0004523733464693743
0.0027465524607069155
0.0
0.0030696762796136113
0.0024234286418002193
0.0
0.0
0.0
0.000630091446868057
0.0
0.0
0.0
0.0
0.0
0.0
0.0
0.0
0.0
0.0007431847834854006
0.0
0.0
0.0
0.0022618667323468715
0.0021003048228935236
0.0
0.0
0.0
0.0
0.0
0.0
0.0
0.0022618667323468715
-7.659752006204765e-19
0.0
0.0004523733464693743
0.0014540571850801317
0.0
0.0
0.0
0.0
0.0
0.0
0.0
0.0
0.0006139352559227223
0.0
0.0
0.0
0.0
0.0002908114370160263
0.0
0.0
0.0
0.0
0.0
0.0
0.0
0.0007108724015947311
0.0
0.0
0.0
0.0
0.0
0.0
0.0
0.0
0.0
0.0
0.0
0.0
0.0
0.0
0.0
0.0
0.0
0.0
0.0
0.0006462476378133919
0.0
0.0
0.0
0.0
0.0
0.0
3.8298760031023825e-19
0.0022618667323468715
0.0
0.00030696762796136114
0.0
0.0006462476378133919
0.0
0.0
0.0
0.0
0.0
0.0
0.0
0.0
0.0
0.0
0.0
0.0
0.0
0.0
0.0
0.0
0.0
0.0
0.0
0.0
0.0
0.0
0.0
0.005008419193053787
0.013086514665721185
0.0
0.0
0.0
0.0
0.0
0.0
0.0
0.0
0.0
0.0
0.0
0.007593409744307354
0.0032312381890669596
0.0
0.0
0.0004685295374147091
0.0
0.0007270285925400658
0.0
0.0
0.0
0.003715923917427003
0.0
0.0
0.0
0.0
0.0
0.0
0.0
0.0
0.0
0.00043621715552403953
0.0
0.0
0.0
0.0
0.0
0.0
0.0
0.006947162106493963
0.0
0.0
0.0025849905512535677
0.0
0.0
0.0
0.0004846857283600439
0.0
0.0
0.0030696762796136113
3.8298760031023825e-19
0.0
0.0024234286418002193
0.004685295374147091
0.0
0.0
0.0006785600197040614
0.0
0.001114777175228101
0.0
0.0
0.0
0.0
0.0
0.0017771810039868277
0.0
0.0
0.0
0.0
0.0
0.0010501524114467618
0.0
0.0027465524607069155
0.0
0.0
0.0
0.0
0.0
0.0
0.0
0.0014863695669708012
0.0
0.0021003048228935236
0.0
0.0
0.0
0.0
0.0
0.0
0.0011309333661734357
0.0
0.0
0.0
0.0008078095472667399
0.0
0.0
0.0
0.0
0.0
0.0
0.0
0.0
0.0
0.0022618667323468715
0.0
0.0
0.0
0.0
0.0
0.0
0.0
0.0029081143701602634
0.0
0.0005654666830867179
0.0
0.0030477352747484993
0.0030477352747484993
0.0
0.0
0.0
0.0
0.0
0.0
0.016156190945334797
0.0
0.0
0.0
0.0010178400295560923
0.0
0.0012278705118454445
0.0011470895571187706
0.0
0.0
0.0
0.0
0.0010824647933374313
0.0
0.0
0.0
0.0
0.0
0.00027465524607069155
0.0027465524607069155
0.0
0.0
0.0
0.0
0.0
0.0009370590748294182
0.0
0.0
0.0
0.0
0.0
0.0
0.0009047466929387486
0.004685295374147092
0.004685295374147091
0.0
0.0024234286418002193
0.0
0.0030696762796136113
0.0
0.0
0.0
0.0
0.0
0.0
0.0
0.005008419193053787
0.0
0.0
0.0014055886122441273
0.0
0.0
0.0
0.005008419193053787
0.01276339084681449
0.0
0.0
0.0
0.0
0.0
0.0
0.0
0.006785600197040615
0.0
0.015025257579161361
0.0
0.0
0.0
0.0
0.000791653356321405
0.0030696762796136113
0.0005493104921413831
0.0021003048228935236
0.0
0.0061393525592272225
0.005816228740320527
0.0
0.0
0.0
0.0
0.0006624038287587267
0.0
0.0
0.0022618667323468715
0.0030696762796136113
0.0
0.0
0.0
0.0
0.0
0.0
0.0
3.8298760031023825e-19
0.0024234286418002193
0.0
0.0
0.0
0.0017771810039868277
0.0
7.659752006204765e-19
0.0
0.0
0.0
0.00032312381890669596
0.0
0.00030696762796136114
0.0
0.0
0.0
0.008078095472667399
0.0
0.0
0.008401219291574094
0.0013894324212987926
0.0
0.0
0.0
0.0
0.0
0.0
0.0
0.0
0.0
0.0
0.0
0.005169981102507135
0.0
0.01195558129954775
0.0
0.0
0.0029081143701602634
0.0
0.0005977790649773875
0.0
0.0
0.0
0.0
0.0022618667323468715
0.0025849905512535677
0.013086514665721185
0.0
0.0
0.0
0.014540571850801317
0.0
0.003877485826880351
0.004523733464693743
0.0
0.0032312381890669596
0.0
0.0
0.0
0.0
0.0
0.0061393525592272225
0.0
0.0
0.0
0.001518681948861471
0.0
0.0
0.0
0.0006139352559227223
0.0
0.0
0.00030696762796136114
0.001195558129954775
0.0
0.0
0.0
0.0
0.0021003048228935236
0.0
0.0
0.0029081143701602634
0.0
0.0
0.0022618667323468715
0.0
0.0
0.0
0.0
0.0
0.0
0.0
0.0
0.0
0.0
0.0
0.0
0.0
0.0
0.0
0.0
0.004200609645787047
0.0
0.0
0.0
0.0
0.0021003048228935236
0.0
0.0
0.001502525757916136
0.0
0.0
0.0025849905512535677
0.0
0.0
0.0
0.0
0.0005493104921413831
0.0
0.0
0.0
0.0
0.0
0.0
0.01195558129954775
0.0
0.0
0.0
0.0
0.0
0.0
0.0
0.0
0.0
0.0
0.0
0.0008239657382120747
0.0027465524607069155
0.0
0.0
0.0
0.0
0.0
0.0
0.0
0.0
0.0
0.0
0.0
0.0
0.0
0.0
0.0
0.0
0.0
0.0022618667323468715
0.0
0.0
0.0
0.0
0.0
0.0
0.0
0.0
0.0021003048228935236
0.0
0.0
0.0
0.0
0.0
0.0
0.0
0.0
0.0
0.0
0.0
0.0
0.0
0.0008724343110480791
0.0
0.0
0.0022618667323468715
0.0025849905512535677
0.0
0.0
0.0
0.0
0.00030696762796136114
0.0
7.659752006204765e-19
0.0
0.0
0.0
0.0
0.0008724343110480791
0.0029081143701602634
0.0009693714567200878
0.0005493104921413831
0.0017771810039868277
0.0
0.0
0.0021003048228935236
0.0
0.003877485826880351
0.0
0.0017771810039868277
0.0
0.0027465524607069155
0.0004523733464693743
0.0011309333661734357
0.0
0.0
0.0024234286418002193
0.0
0.0
0.0
0.0
7.659752006204765e-19
0.0
0.0
0.0
0.0
0.0
0.0
0.0016156190945334798
0.01276339084681449
0.0022618667323468715
0.0
0.012117143209001098
0.00043621715552403953
0.0
0.0
0.0
0.0
0.0
0.0
0.0004685295374147091
0.0
0.0022618667323468715
0.0017771810039868277
0.0
0.0
0.0
0.0
0.0
0.0
0.0
0.0
0.0
0.0
0.0
0.0
0.0
0.0
-1.9149380015511913e-19
0.0
0.021003048228935235
0.0021003048228935236
0.0005331543011960483
0.0
0.0
0.0
0.0
0.0
0.0007754971653760703
0.0
0.0
0.0
0.0
0.0009209028838840835
0.0
0.0
0.0
0.0
0.0
0.005977790649773875
0.0
0.0
0.0
0.0004685295374147091
0.0007270285925400658
0.0
0.0
0.0
0.0
0.0
0.0
0.0
0.0033928000985203074
0.0
0.0011309333661734357
0.0
0.0
0.0
0.0
0.00158330671264281
0.0
0.0
0.0
0.00032312381890669596
0.0
0.0
0.0
0.0008078095472667399
0.0
0.0
0.0
0.0
0.0011309333661734357
0.0017771810039868277
0.0
0.0008239657382120747
0.0
0.0
0.0
0.001276339084681449
0.0
0.0
0.0005816228740320526
0.0
0.0
0.0025849905512535677
0.0
0.0
0.0
0.0
1.531950401240953e-18
0.00040390477363336995
0.0
0.0
0.0
0.0
0.0
0.0
0.0
0.0
0.0
7.659752006204765e-19
0.0
0.0033928000985203074
0.0
0.0
0.0
0.0
0.0
0.0
0.0
0.0
0.0019387429134401755
0.0
0.0
0.0
0.0021003048228935236
0.0
0.0
7.659752006204765e-19
0.0
0.0017771810039868277
0.0
0.0
0.0
0.0
0.0019387429134401755
0.00043621715552403953
0.0
0.0
0.0011309333661734357
0.0
0.0
0.0
0.0
0.0007754971653760703
0.0
0.0
0.0015348381398068056
0.0
0.0
0.0
0.0
0.0
0.0
0.0019387429134401755
0.0
0.0
0.0
0.0
0.0
0.0
0.0
0.0032312381890669596
0.001033996220501427
0.0
0.0
-1.531950401240953e-18
0.0
0.0
0.00045237334646937435
0.0
0.0
0.0
0.0
-7.659752006204765e-19
0.0
0.0
0.0
0.0
0.0
0.0
0.0
0.0
0.0
0.0
0.0029081143701602634
0.0
0.0
0.0
0.0
0.0032312381890669596
0.0
0.0
0.0
0.0
0.0
0.0
0.0
0.0
0.0
0.0
0.0
0.0
0.0
0.0
0.0
0.0
0.0
0.0
0.0
0.0
0.0
0.0
0.0
0.0
0.0
0.0
0.0
0.0
0.0
0.0
0.0
0.0
0.0
0.0
0.0
0.0
0.0
0.0
0.0
0.0
0.0
0.0
0.0
0.0
0.0
0.0
0.0019387429134401755
0.0
0.0
0.0
0.0
0.0021003048228935236
0.0
0.0
-1.531950401240953e-18
0.0
0.0
0.0
0.0
0.0
0.0
0.0
0.0
0.0
7.659752006204765e-19
0.0
0.0
0.0
0.0
0.0
0.0
0.0
0.0
0.0
0.0
0.0
0.0
1.531950401240953e-18
0.0
0.0
0.0
0.003877485826880351
0.0
0.0
0.0
0.0
0.0
0.0
0.0
0.0
0.0
0.0
7.659752006204765e-19
-9.574690007755956e-20
0.0
0.0
0.0
0.0
0.0
0.0
0.0029081143701602634
0.0
0.0
0.0
0.0
0.0
0.0
0.0
0.0
0.0
0.0
0.0
0.0
0.0
0.0
0.0
0.0
0.0032312381890669596
0.0
0.0
0.0
0.0
0.0
0.0
0.0
0.0
0.0
0.0
0.0
0.0
0.0
0.0
0.0
0.0
0.0
0.0
0.0
0.010016838386107577
0.0
0.0
0.0
0.0
0.0
0.0
0.0
0.0
0.0
0.0
0.0
0.005169981102507135
0.0
0.0
0.0
0.0
0.0
0.0013894324212987926
0.0
0.0
0.0
0.0
0.0
0.0
0.0
0.0
0.0
0.0035543620079736553
0.0
0.0
0.0
0.0
0.0
0.0
0.0
0.0
0.0
0.0
0.0
0.0
0.0
0.0
0.0
0.0
0.0
0.0
0.0
0.0
0.0
0.0
0.0
0.0
0.0
0.0
0.0
0.00027465524607069155
0.0
0.0
0.0
0.0
0.0
0.0
0.0
0.0
0.0
0.0
0.0
0.0
0.0
0.0
0.0
0.0
0.0
0.0030477352747484993
0.0
0.0
0.0
0.0
0.0
0.0
0.0
0.0
0.0
0.0
0.0
0.0
0.0
0.0
0.0
0.0
0.0
0.0
0.0
0.0
0.0
0.0
0.004685295374147092
0.0
0.0
0.0
0.0
0.0
0.0
0.0
0.0
0.0
0.0
0.0
0.0
0.0
0.0
0.0
0.0
0.0
0.0021003048228935236
0.0
0.0
0.0
0.0
0.0
0.0
0.0
0.0
0.0
0.0
0.0
0.0
0.0
0.0
0.0
0.0
0.0
0.0
0.0
0.0
0.0
0.0
0.0
0.0
0.0
0.0
0.0
0.0
0.0
0.0
0.0
0.0
0.0
0.0
0.0
0.0
0.0
0.0
3.8298760031023825e-19
0.0
0.0
0.0
0.0
0.0
0.0
0.0
0.0
0.0
0.0030477352747484993
0.0
0.0
0.0
0.0
0.0
0.0
0.0
0.0
0.0
0.0
0.0
0.0
0.0
0.0
0.0
0.0
0.0
0.0
0.0
0.0
0.0
0.0
0.0
0.0
0.0
0.0
0.0
0.0
0.0
0.0
0.0
0.0
0.0
0.0
0.0
0.0
0.0
0.0
0.0
1.531950401240953e-18
0.0
0.0
0.0
0.0
0.0
0.0
0.0
0.0
0.0
0.0
0.0
0.0
0.0
0.0
0.0
0.0
0.0
0.0
0.0
0.0
0.0
0.0
0.0
0.0
0.0
0.0
0.0
0.0
0.0
0.0
0.0
0.0
0.0
0.0
0.0
0.0
0.0
0.0
0.0
0.0
0.0
0.0
0.0
0.0
1.531950401240953e-18
0.0
0.0
0.0
0.0
0.0
0.0
0.0
0.0
0.0
0.0
0.0
0.0
0.0
0.0
0.0
0.0
0.0
0.0
0.0
0.0
0.0
0.0
0.0
0.00045237334646937435
0.0
0.0
0.0
0.0
0.0
0.0
0.0
0.0
0.0
0.0
0.0
0.0
0.0
0.0
0.0
0.0
0.0
0.0
0.0
0.0
0.0
0.0
0.0
0.0
0.0
0.0
7.659752006204765e-19
0.0
0.0
0.0
0.0
0.0
0.0
0.0
0.0
0.0
0.0
-1.9149380015511913e-19
0.0
0.0
0.0
0.0
0.0
0.0
0.0
0.0
0.0005977790649773875
0.004685295374147092
0.0
0.0
0.0
0.0
7.659752006204765e-19
0.0
0.0
0.0
0.0
0.0
0.0
0.0030696762796136117
0.0
0.0
0.0
0.0
0.0
0.0
0.0
0.0
0.0
0.0
0.0
0.0
0.0
0.0014055886122441273
0.0
0.0
0.0
0.008562781201027443
0.0
0.0
0.0
0.0
0.0
0.0
0.0
0.0
0.0
0.0
0.0
0.0
0.0
0.0
1.531950401240953e-18
0.0
0.0
0.0
0.000791653356321405
0.011309333661734358
0.001260182893736114
0.00035543620079736554
0.0006462476378133919
0.0
0.0
0.0
0.0
0.0007431847834854006
0.0
0.0
0.00872434311048079
0.0
0.0
0.0
0.0
3.8298760031023825e-19
0.0
0.0
0.0
3.8298760031023825e-19
0.00035543620079736554
0.0
0.0
0.0
0.0
0.0
0.0
0.0
0.0
0.0
0.0
0.0
0.0
0.0
0.0
0.0
0.0
0.0
0.0
0.0005977790649773875
0.0
0.0
0.0
0.0
0.0
0.0
0.0
0.0
0.0
0.0
0.0
0.0
-1.531950401240953e-18
0.0
0.0
0.0
0.0
0.0
0.0
0.0
0.0
0.0
0.0
0.0
0.0
0.0
0.0
0.0
0.0
0.0
0.0
0.0
0.0
0.0
0.0
0.0
0.0
0.0
0.0
0.0
0.0
0.0
0.0
0.0
0.0
0.0
0.0
0.0
0.0
0.0
0.0
0.0
0.0
0.0
0.0
0.0
0.0
0.0
0.0
0.00027465524607069155
0.0
0.0
0.0
0.0
0.0
0.0
0.0
0.0
0.0
0.0
0.0
0.0
0.0
0.0
0.0
0.0
0.0
0.0
0.0
0.0
0.0
0.0
0.0
0.0
0.0
0.0
0.0
0.0
0.0
0.0
0.0
0.0
0.0
0.0
0.0
0.0
0.0
0.0
0.0
0.0
0.0
0.0
0.0
0.0
1.531950401240953e-18
0.0
0.0
0.0
0.0
0.0
0.0
0.0
0.0
0.0
1.531950401240953e-18
0.0011309333661734357
0.0
0.0
0.0
0.0
0.0
0.0
0.0
0.0
0.0
0.0
0.0
0.0
0.0
0.0
0.0
0.0
0.0
0.0
0.0
0.0
0.0
0.0
0.0
0.0
0.0
0.0
0.0
0.0
0.0
0.0
0.0
0.0
0.0
0.0030696762796136117
0.0
0.0
0.0
0.0
0.0
0.0
0.0
0.0
0.0
0.0
0.0
0.0
0.0
0.0
0.0
0.0
0.0
0.0
7.659752006204765e-19
0.0
0.0
0.0
0.0
0.0
0.0
0.0
0.0
0.0
0.0
1.531950401240953e-18
0.005169981102507135
0.0030696762796136117
0.0
-1.531950401240953e-18
0.0
-4.787345003877978e-20
0.0
0.0
0.0
0.0
-1.9149380015511913e-19
0.0
0.0
0.0
0.0
7.659752006204765e-19
0.0
0.0
0.0
0.0
0.0
0.0
0.0
0.0
0.0
3.8298760031023825e-19
-9.574690007755956e-20
0.0
0.0
0.0
0.0
0.0
0.0
0.0
0.0
0.0
0.0
0.0
0.0
0.0
0.0
0.0
0.0
0.0007916533563214051
0.0
0.0
0.0
0.0
0.0
0.0
0.0
0.0
0.0
0.0
0.0
0.0
3.8298760031023825e-19
-4.787345003877978e-20
0.0
0.0
0.0
0.0
0.0
0.0
0.0
0.0
0.0
0.0
0.0
0.0
0.0
0.0
0.0
0.0
0.0
0.0
0.0
0.0
0.0
0.0
0.0
0.0
0.0
0.0
0.0
0.0
0.0
0.0
0.0
0.0
0.0
0.0
0.0
0.0
0.0
0.0
0.0
0.0
0.0
0.0
0.0
0.0
0.0
0.0
0.0
0.0
0.0
0.0
0.0
0.0
0.0
0.0
0.0
0.0
0.0
0.0
0.0
0.0
0.0
0.0
0.0
0.0
0.0
1.9149380015511913e-19
0.0
0.0
0.0
0.0
0.0
0.0
0.0
0.0
0.0
0.0
0.0
0.0
0.0
0.0
0.0
0.0
0.0
0.0
0.0
0.0
0.0
0.0
0.0
0.0
0.0
0.0
0.0
0.0
0.0
0.0
0.0
0.0
0.0
0.0
0.0
0.0
0.00045237334646937435
0.0
0.0
0.0
0.0
0.0
0.0
0.00027465524607069155
0.0
0.0
0.0
0.0
0.0
0.0
0.0
0.0
0.0
0.0
0.0
0.0
0.0
0.0
0.0
0.0
0.0
0.0
0.0
0.0
0.0
0.0
0.0
0.0
0.0
0.0
0.0
0.0
0.0
0.0
0.0005654666830867179
0.0
0.0
0.0
0.0
0.0
0.0
0.0
0.0
0.0
0.0
0.0
0.0
0.0
0.0
0.0
0.0
0.0
0.0
0.0
0.0
0.0
0.0
0.0
0.0
0.0
0.0
0.0
7.659752006204765e-19
0.0
0.0
0.0
0.0
0.0
0.00045237334646937435
0.0
0.0
0.0
0.0
0.0
0.0
0.0
0.0
0.0
0.0
0.0
0.0
0.0
0.0
0.0
1.9149380015511913e-19
0.0
0.0
0.0
0.0
0.0
0.0
0.0
0.0
0.0
0.0
0.0
0.0
0.0
0.0
0.0
0.0
0.0
0.0
0.0
0.0
0.0
0.0
0.0
0.0
0.0
0.0
0.0
0.0
0.0
0.0
0.0
0.0
0.0
0.0
0.0
0.0
0.0
0.0
0.0029081143701602634
0.0
0.0
0.0
0.0
0.0
0.0
0.0
0.0
0.0
0.0
0.0
0.0
0.0
0.0
0.0
0.0
0.0
0.0
0.0
0.0
0.0
0.0
0.0
0.0
0.0
0.0
0.0
0.0
0.0
0.0
0.0
0.0
0.0
0.0
0.0
0.0
0.0
0.0
0.0
0.0
0.0
0.0
0.0
0.0
0.0
0.0
0.0
0.0
0.0
0.0
0.0
0.00027465524607069155
0.0
0.0
0.0
0.0
0.0
0.0
0.0
0.0
0.0
0.0
0.0
0.003715923917427003
0.0007108724015947311
0.005008419193053787
0.0
0.0
0.0
0.0
0.0029081143701602634
0.0
0.0
0.0
0.0
0.0
0.0
0.0
0.0
0.0
0.0
0.0
0.0
0.0
0.0
0.0
0.0
0.0
0.0
0.0
0.0
0.0
0.0
0.0
0.0
0.0
0.0
0.0
0.0
0.0
0.0
0.0
0.0
3.8298760031023825e-19
0.0
0.0
0.0
0.0
0.0
0.0
0.0
0.0
0.0
0.0030477352747484993
0.0
0.0
0.0
0.0
0.0
0.0
0.0
0.0
0.0
0.0
0.0
0.0
0.0
0.0
0.0
0.0
0.0
0.0
0.0
0.0
0.0
0.0
0.0
0.0
0.0
0.0
0.0
0.0
0.0
0.0
0.0
0.0
0.0
0.0
0.0
0.0
0.0
0.0
0.0
0.0
0.0
0.0
0.0
0.0
0.0
0.0
0.0
0.0
0.0
0.0
0.0
0.0
0.0
0.0
0.0030477352747484993
0.0
0.0
0.0
0.0
0.0
0.0
0.0
0.0
0.0
0.0
0.0
0.0
0.0
0.0
0.0
0.0
0.0
0.0
0.0
0.0
0.0
0.0
0.0
3.8298760031023825e-19
0.0
0.0
0.0
0.0
0.0
0.0
0.0
0.0
0.0
0.0
0.0
0.0
0.0
0.0
0.0
0.0
0.0
0.0
0.0
0.0
0.0
0.0
0.0
0.0
0.0
0.0
3.8298760031023825e-19
0.0
0.005169981102507135
0.0
0.0
0.0
0.0
0.0
0.0004523733464693743
0.0
0.0
0.0
0.0
0.0
0.0
0.0
0.0
0.0
0.0
0.0
0.0
0.0
0.0
0.0
0.0029081143701602634
0.0
0.0
0.0
0.0
0.0
0.0
0.0
0.0
0.0
0.0
0.0
0.0
0.0
0.0
0.0
0.0
0.0
0.0
0.0
0.0
0.0
0.0
0.0
0.0
0.0
0.0
0.0
0.0
0.0
0.0
0.0
0.0
0.0
0.0
0.0
0.0
0.0
0.0
0.0
0.0
0.0
0.0
0.0
0.0
0.0
0.0
0.0
0.0
0.0
0.0
0.0
0.0
0.0
0.0
0.0
0.0
0.0
0.0
0.0
0.0
0.0
0.0
0.0
0.0
0.0
0.0
0.0
0.0
0.0
0.0
0.0
0.0
0.0
0.0
0.0
0.0
0.0
0.0
0.0
0.0
0.0
0.0
0.0
0.0
0.0
0.0
0.0
0.0
0.0
0.0
0.0
0.0
0.0
0.0
0.0
0.0
0.0
0.0
0.0
0.0
0.0
0.0
0.0
0.0
0.0
0.0
0.0
0.0
0.0
0.0
0.0
0.0
0.0
0.0
0.0
0.0
0.0
0.0
0.0
0.0
0.0
0.0
0.00035543620079736554
0.0
0.0
0.0
0.0
0.0
0.0
0.0
0.0
0.0
0.0
0.0
0.0
0.0
0.0
0.0
0.0
0.0
0.00035543620079736554
0.0
0.0
0.0
0.0
0.0
0.0
0.0
0.0
0.0
0.0
0.0
0.0
0.0
0.0
0.0
0.0
0.0
0.0
0.0
0.0
0.0
0.0
0.0
0.0
0.0
0.0
0.0
0.0
0.0
0.0
-9.574690007755956e-20
0.0
0.0
0.0
0.0
0.0
0.0
0.0
0.0
-3.063900802481906e-18
0.0
0.0
0.0
0.0
0.0
0.0
0.0
0.0
0.0022618667323468715
0.0
0.0
0.0
0.0
0.0
0.0
0.0
0.0
0.0
0.0
0.0
0.0
0.0
0.0
0.0
0.0
0.0
0.0
0.0
0.0
0.0
0.0
0.0
0.0
0.0
0.0
0.0
0.0
0.0
0.0
0.0
0.0
0.0
0.0
0.0
0.0
0.0
0.0
0.0
0.0
0.0
0.005169981102507135
0.0
0.0
0.0
0.0
0.0
7.659752006204765e-19
0.001033996220501427
0.0
0.006462476378133919
0.0029081143701602634
0.0
0.0
0.0
0.0
0.0012924952756267838
0.0
0.001033996220501427
0.0
0.0027465524607069155
0.0
0.0
0.0
0.0
0.0
0.0
0.0009370590748294182
0.0027465524607069155
0.0
0.0
0.0
0.0
0.0
0.0
0.0
0.00953215265774753
0.0
0.005008419193053787
0.0
0.0
0.0
0.0
0.0
0.0
0.0003392800098520307
0.0
0.01357120039408123
0.0
0.0021003048228935236
0.0006785600197040614
0.0
0.0017771810039868277
0.0027465524607069155
0.0
0.0
0.0017771810039868277
0.0
0.0
0.0
0.0
0.0
0.0
0.0
0.005977790649773875
0.0
0.0
0.0
0.0
0.0
0.0
0.0
