0.0
0.0
0.0
0.0
0.0014910910065993564
0.0
0.0
0.0006371025210015432
0.0
0.0
0.0
0.0013555372787266878
0.00023701280613841884
0.00016788407101471335
0.0055577028427794195
0.01219983550854019
0.0
0.0014910910065993564
0.004337719291925401
0.0
0.0033888431968167195
0.0
0.0
0.0
0.0
0.0
0.0
0.0009085490901972722
0.0048799342034160755
0.0016266447344720253
0.00016788407101471335
0.0
0.006777686393633439
0.0
0.0005693256570652089
0.008675438583850802
7.900426871280628e-05
0.0
0.0037955043804347257
0.0
0.0031177357410713817
0.0
0.0
0.0
0.0
0.0
0.0008133223672360127
0.0009082099767468807
0.0
0.0006913240121506107
0.0
0.0
0.0003950213435640314
0.0
0.0
0.0
0.0
0.0
7.011628848261557e-05
0.0
0.0004542745450986361
0.0
0.0
0.0010708744501940833
0.0
0.0
0.000881099231172347
0.0
0.0037955043804347257
0.0
0.0
0.0
0.000881099231172347
0.0
0.0
0.0
0.010844298229813502
0.006099917754270095
0.0
0.0032532894689440506
0.002982182013198713
0.0
0.0
0.0
0.0
0.0009624314678959483
0.0
0.0
0.0
0.0014910910065993564
0.0024399671017080377
0.0016266447344720253
0.0
0.0
0.0
0.0
0.0
0.0
0.0
0.0
0.0
0.0
0.0
0.0
0.0
0.004473273019798069
0.0
0.0
0.0
0.0010302083318322827
0.004066611836180063
0.0005332788138114424
0.0
0.003524396924689388
0.003524396924689388
0.00664213266576077
0.0
0.0
0.0010844298229813502
0.0
0.0
0.0
0.0003117735741071382
0.0
0.00050365221304414
0.0
0.0
0.0
0.0009082099767468807
0.0
0.0
0.004202165564052732
0.0
0.0
0.0
0.0
0.0
0.0
0.0
0.0
0.0
0.0
0.0
0.0
0.0007048793849378776
0.0
0.0011793174324922185
0.009759868406832151
0.0
0.0
0.0
0.0
0.0
0.0
0.0
0.0
0.0
0.004608826747670739
0.0
0.0007997669944487458
0.0008404331128105464
0.005693256570652089
0.0037955043804347257
0.0
0.0
0.0
0.0
0.0018977521902173629
0.0037955043804347257
0.005828810298524757
0.0
0.0
0.0
0.0
0.0
0.0
5.629054145787447e-05
0.0
0.0
0.0
0.0
0.0
0.010437637046195495
0.005286595387034083
0.001762198462344694
0.0
0.0
0.0
0.0010979851957686171
0.0
0.0033888431968167195
0.0
0.0
0.0
0.0
0.0
0.000664213266576077
0.0
0.0
0.0033888431968167195
0.0018977521902173629
0.0
0.0
0.0
0.0
0.0
0.0
0.001016652959045016
0.0009217653495341477
0.0
6.814118176479542e-05
0.0
0.0
0.0
0.0007591008760869451
0.0
0.0
0.0
0.0
0.0
0.0
0.0
5.7278094816784554e-05
0.0
0.0
0.0
0.0024399671017080377
0.0
0.0009488760951086815
0.005015487931288745
0.0
0.0007591008760869451
0.0
0.0008675438583850802
0.0
0.0
0.0
0.0
0.0
0.0
0.0
0.0013555372787266878
0.0
0.0
0.0
0.0010979851957686171
0.008404331128105465
0.0
0.0
0.0
0.0018977521902173629
0.0
0.0
0.0
0.0
0.0
0.0
6.221586161133495e-05
0.0
0.0
0.0
0.0014910910065993564
0.0
0.0
0.0024399671017080377
0.0
0.0
0.0
0.0
0.0
0.0
0.0
0.0020333059180900315
0.003659950652562057
0.0
0.004473273019798069
0.0
0.0
0.0
0.01219983550854019
0.0025755208295807066
0.0032532894689440506
0.0025755208295807066
0.0007455455032996782
0.0
0.0
0.0005557702842779419
4.542745450986361e-05
0.0
0.0025755208295807066
0.0033888431968167195
0.0025755208295807066
0.0
0.0
0.0
0.0
0.0
0.0
0.0
0.0
0.0
0.0
0.00010302083318322827
0.0
0.0
0.0
0.0
0.0
0.0020333059180900315
0.0003524396924689388
0.0
0.0
0.0
0.0
0.0009759868406832152
0.0
0.0
0.0
0.004473273019798069
0.0
0.0005015487931288744
0.0006642132665760769
0.0
0.0
0.0
0.0
0.0
0.00021688596459627004
0.0
0.005015487931288745
0.0
0.006506578937888101
0.0023044133738353693
0.0003357681420294267
0.0020333059180900315
0.0
0.0
0.0
5.925320153460471e-05
0.0
0.0
0.0
0.0
0.0
0.0
0.0
0.0005015487931288744
0.0
0.0
0.00046088267476707384
0.0
0.0003258926084403259
0.0005286595387034082
0.0020333059180900315
0.0
0.0
0.000365394742796729
0.0
0.00011850640306920942
0.0
0.0006235471482142764
0.0
0.0
0.0
0.0
0.0
0.0
0.0013555372787266878
0.0
0.0
0.0025755208295807066
0.0
0.0
0.0
0.0012877604147903533
0.0014910910065993564
3.061415412621243e-05
0.0
0.0
0.00664213266576077
0.0005286595387034082
0.0
0.0002439967101708038
0.0031177357410713817
0.0
0.0008404331128105464
0.0
0.0
0.0
0.001762198462344694
0.0
0.0
0.00031601707485122513
0.0
3.160170748512251e-05
0.0
0.0
0.0
0.0
0.0
0.0028466282853260444
0.0
0.0
0.0031177357410713817
0.0
0.0
0.0016266447344720253
0.0002575520829580707
4.4439901150953533e-05
0.0
0.0004066611836180063
0.0
0.014910910065993566
0.0006506578937888101
0.0
0.0
0.003524396924689388
0.0
0.0018977521902173629
0.00029626600767302357
0.0028466282853260444
0.0
0.0
0.0
0.0
0.0006506578937888101
0.0
0.007591008760869452
0.0
0.0
0.004337719291925401
0.0
0.0
0.0
0.0
0.0006099917754270094
0.000365394742796729
0.0033888431968167195
0.0023044133738353693
0.005151041659161413
0.0002468883397275196
0.0
0.0
0.0
0.0
0.0
0.0
0.0
0.009488760951086814
0.0020333059180900315
0.0
0.00044732730197980696
0.0
0.0
0.00046088267476707384
0.0020333059180900315
0.0
0.0
0.0
0.000772656248874212
0.0
0.0
0.00011850640306920942
0.0
0.0
0.0
0.013148711603648873
0.014910910065993566
0.005693256570652089
0.0
0.0
0.0
0.0
0.0048799342034160755
0.0
0.0
0.002650197878686092
0.0
0.0020333059180900315
0.0
0.0
0.0
0.0
0.0
0.0
0.0
0.0
0.0
0.0
0.0
0.0
0.0
0.0
0.00027110745574533755
0.000772656248874212
0.0
0.0018977521902173629
0.0031177357410713817
0.0
0.0
0.0
0.0
7.80167153538962e-05
0.0
0.0
0.00039310581083073945
0.003524396924689388
0.0
0.0006099917754270094
0.0
0.0
0.0
0.0
0.003659950652562057
0.0
0.0
0.0
0.0
0.0033888431968167195
0.0
0.0
0.003524396924689388
0.0
0.0
0.0028466282853260444
0.0
0.0
0.00027110745574533755
0.0
0.0
0.0
0.0
0.0016266447344720253
0.0
0.0
0.000276514940494822
0.0
0.00021726173896021727
0.0014910910065993564
0.0
0.0
0.0002575520829580707
0.0
0.0011115405685558839
0.0
0.0
0.0
0.0
0.00014813300383651178
0.007591008760869451
0.0
0.0
0.0
0.0
0.0
0.0
0.00028639047408392275
0.002982182013198713
6.517852168806518e-05
0.0
0.0
0.0
0.001762198462344694
0.0032532894689440506
0.0
0.0
0.0007862116216614789
0.0
0.0
0.0001975106717820157
0.0009895422134704821
0.0
0.0
0.0
0.0
0.00037955043804347257
0.0
0.0
0.003524396924689388
0.0
0.0
0.0010573190774068163
0.0
0.0010302083318322827
0.0
0.0
0.0023044133738353693
0.0
0.0
0.0
0.0
0.0
0.0014910910065993564
0.0
0.0009217653495341477
0.0
0.0
0.00034564367561852746
0.0
0.0
0.0
0.0011928728052794852
0.001762198462344694
0.0
0.0
0.0
0.0
0.0
0.0
0.0
0.00011850640306920942
0.0
0.0024399671017080377
0.0
0.0
0.0
0.0023044133738353693
0.0004744380475543407
0.0016266447344720253
1.6788407101471334e-05
0.0023044133738353693
0.0
0.0
0.0
0.0
0.0
0.0
0.003524396924689388
0.0032532894689440506
0.0
0.0
0.0
0.0
0.0004879934203416076
0.0
0.0
0.0
0.0
0.001762198462344694
0.0007319901305124114
0.0
0.0
0.0
0.0
0.0
0.0
0.0
0.0
0.0
0.0
0.0
0.0
0.0
0.0
0.0
0.0
0.0
3.258926084403259e-05
0.0
0.0
0.0
0.0013284265331521539
0.0006777686393633439
0.0
0.0
0.0
0.0
0.0
0.0
0.00028466282853260443
0.0008404331128105464
0.0
0.0033888431968167195
0.0010979851957686171
0.0
0.0010030975862577488
0.0
0.0
0.0
0.0
0.0
0.0
0.0
0.0
0.0
0.0
0.0
0.0007862116216614789
0.0
0.0
0.0002666394069057212
0.0
0.0
0.0
0.0
0.0010030975862577488
0.0023044133738353693
0.0014910910065993564
0.0012064281780667522
0.0037955043804347257
0.0
0.0
0.0025755208295807066
0.0003258926084403259
0.0
0.0
0.0
0.0
0.0
0.0
0.0
0.0018977521902173629
0.0
0.0
0.0
0.0
0.0003357681420294267
0.0
0.0
0.0
0.0
0.0
0.003524396924689388
0.0
0.0
0.0
0.0032532894689440506
0.0
0.0
0.0
0.0
6.715362840588534e-05
0.0
0.0
0.0
0.00041477241074223297
0.0
0.0
0.0
0.0014910910065993564
0.0
0.0
0.0
0.0
0.0
0.0018977521902173629
0.0
0.0
0.00020738620537111648
0.0
0.0
0.0
0.0016266447344720253
0.0010166529590450158
0.0
0.0
0.0
0.0
0.0
0.0
0.0
0.0004202165564052732
0.0003258926084403259
0.0
0.0
0.0
0.0005422149114906751
0.001762198462344694
0.0002567638733166204
0.001762198462344694
0.0
0.0025755208295807066
0.0
0.0
0.00021688596459627004
3.061415412621243e-05
0.0
0.0
0.0
0.0010708744501940833
0.0
0.0
0.0006913240121506107
0.0
0.0
0.0
3.950213435640314e-05
0.0
0.0
0.0
0.0
0.0
0.0
0.0
5.0365221304414e-05
0.0023044133738353693
0.0
0.0
0.0
0.0
0.0016266447344720253
0.0
0.0
0.0
0.0
0.000138257470247411
0.0
0.0
0.0020333059180900315
0.0
0.00014813300383651178
0.0
0.0
0.0
0.0003524396924689388
0.0008404331128105464
0.0
0.0
0.0
0.0
0.0
0.0
0.0
0.0
0.0
0.0007862116216614789
0.0
0.0
0.00046088267476707384
0.0
0.0016266447344720253
0.0023044133738353693
0.0
0.0
0.0
0.0007591008760869451
0.0
0.0
0.0
0.0
0.0
0.0
0.0
0.0
0.0
0.0
0.0
0.0
0.0
0.0
0.0
0.0024399671017080377
0.0
0.0018977521902173629
0.0
0.0
0.0
0.0
0.0008404331128105464
0.0020333059180900315
0.0004879934203416076
0.0
0.0
0.0
0.0
0.0
0.0
0.0
0.0
0.0
0.00022713727254931805
0.0
0.0
0.0
0.0
0.0
0.0
0.0
0.0
0.0
0.001762198462344694
0.0
0.0
0.0031177357410713817
0.0
0.001762198462344694
0.00015800853742561257
0.0
0.0
0.0002575520829580707
3.357681420294267e-05
0.0
0.0
0.0
0.0021688596459627004
0.0
0.0018977521902173629
0.0
0.0011250959413431508
0.0
0.0
0.0
0.0012335389236412858
0.0028466282853260444
7.80167153538962e-05
0.0
0.0
0.0
0.0
0.0
0.0
0.0
0.0
0.0
0.0
0.0
0.0
0.0
0.0
0.00022713727254931805
0.0
0.0
0.0
0.0
0.0
9.381756909645746e-05
0.0
0.0
0.0016266447344720253
0.0
0.0
0.0
0.0
0.0
0.0
0.0
0.0
0.0
0.0
0.0
0.0
0.0007862116216614789
0.0
0.0
0.0
0.0
0.0025755208295807066
0.0
0.0
0.0
0.00032532894689440506
0.0021688596459627004
0.0
0.0
0.0
0.0
0.0
0.0
0.0010030975862577488
0.0
0.0
0.000138257470247411
0.0
0.0
0.0
0.00031601707485122513
0.0
0.0016266447344720253
0.0
0.0
0.0004202165564052732
0.0
0.00037955043804347257
0.0
0.0
0.0
0.0
0.0
0.0
0.0
0.0
0.0
0.0
0.0
0.0
0.0
0.0
0.0
0.0
0.0
0.0
0.0002666394069057212
0.0
0.0
0.0
0.0
0.0004202165564052732
0.0
0.0
0.0
0.0
0.0
0.0
0.0
0.0
0.00034564367561852746
0.00039310581083073945
0.0
0.0
0.0
0.0
0.0
0.0
0.0
0.0010437637046195496
0.0
0.0
0.0010030975862577488
0.0008539884855978132
0.0021688596459627004
0.0
0.0
0.0027110745574533755
0.0
0.0
0.0
0.0008268777400232795
0.0
0.0
0.0
0.0
0.0
0.0
0.0
0.0
0.0
0.000772656248874212
0.0
0.0
0.0
0.0
0.0
0.0
0.0016266447344720253
0.0
0.0
0.0
0.0
0.0
0.0
0.0
0.00033888431968167194
0.0
0.0
0.0
0.0001975106717820157
0.0
0.0
0.0
0.001762198462344694
0.0008946546039596139
0.0
0.0
0.0
4.8390114586593844e-05
0.0
0.0
0.0
0.0
0.0
0.0008946546039596139
0.00010863086948010863
0.0
0.0
0.00018763513819291492
0.0
0.0
0.0
0.0
0.0
0.0
0.0
0.0
0.0
0.0
0.0
0.0
0.0
0.0006235471482142764
0.0
0.0
0.0
0.0
0.0004443990115095353
0.0
0.0
0.0009624314678959483
0.0
0.0
0.0
0.00037955043804347257
0.00027110745574533755
0.0
0.0
0.0024399671017080377
0.0
0.0
0.0024399671017080377
0.0
0.0
0.0
0.0
0.0004744380475543407
0.0
0.0
0.0
0.0
0.0
0.0012064281780667522
0.0
0.0
0.0
0.0
0.0
0.0
0.00020738620537111648
0.0002666394069057212
0.0
0.0
0.0
0.0
0.0
0.0
0.0007997669944487457
0.0024399671017080377
0.00033888431968167194
0.0
0.0014910910065993564
0.0
0.0007591008760869451
0.0
0.0
0.0
0.0
0.0012470942964285527
0.00039310581083073945
0.0
0.0
0.0
0.0
0.0
0.0
0.0
0.0010573190774068163
0.0
0.0
0.000881099231172347
0.0
0.0
0.0
0.0
0.0
0.0
0.0
0.0010166529590450158
0.0004202165564052732
0.0
0.0
0.0
0.0
6.221586161133495e-05
0.0
0.0
0.0009488760951086814
0.0010979851957686171
0.0
2.567638733166204e-05
0.0
0.0
0.0
0.0007048793849378776
0.0
0.0
0.0
0.0
0.0
0.0010708744501940833
0.0
0.0
0.0013284265331521539
0.0
0.0
0.0020333059180900315
0.0
0.0
0.0007048793849378776
0.0
7.011628848261557e-05
0.00031601707485122513
0.0002468883397275196
0.0
0.0
0.0
0.0006371025210015432
0.0007591008760869451
0.0
0.0
0.0
0.0
0.0
0.0
0.0
0.0
0.0
0.0
0.0
0.0
0.0
0.000881099231172347
0.0
0.0
0.0
0.0031177357410713817
0.0
0.0
0.0
0.0
0.0
0.0
0.0
0.0
0.0
0.0
0.0
0.0028466282853260444
0.00041477241074223297
0.0
0.0
0.0
0.0
0.0
6.828627280113582e-19
0.001762198462344694
0.0003659950652562057
0.0
0.0
0.0
0.0
0.0
0.0
0.0
0.000881099231172347
0.0
0.0
0.0
0.0020333059180900315
0.0003258926084403259
0.0
0.0007862116216614789
0.0027110745574533755
0.00014813300383651178
0.0
0.00013555372787266878
0.0
0.001762198462344694
0.0018977521902173629
0.0
0.0005557702842779419
0.0
0.0
0.0
0.0
0.0
0.0
0.0
0.0
0.0
0.0003524396924689388
0.0
0.0
0.0
0.0006371025210015432
2.567638733166204e-05
0.0
0.0
0.0
0.0006371025210015432
0.0
0.0
0.0
0.0002468883397275196
0.0
0.0
0.00011850640306920942
0.0
0.0
0.0
0.0
0.0
0.0
0.0
0.0
0.0
0.0
0.0
0.0014910910065993564
0.0
0.0
0.0
0.0
0.0
5.3327881381144236e-05
0.0018977521902173629
0.0
0.0008133223672360127
0.0
0.00023701280613841884
0.0
0.0
0.0
0.0
0.0
0.0021688596459627004
0.0
0.0020333059180900315
0.0
0.0
0.0
0.0020333059180900315
2.073862053711165e-05
0.0
0.0
0.003931058108307395
0.0006099917754270095
8.196692878953651e-05
0.0
3.752702763858298e-05
0.0
0.0
0.0
0.0010979851957686171
0.0
0.0
0.00010863086948010863
0.0
0.0
0.0
0.0
0.0004066611836180063
0.0009353207223214145
0.0
0.0
0.0
0.0
0.0
0.0016266447344720253
0.0
0.0
0.0
0.0
0.0
0.0
0.0
0.0
0.0
0.0
9.875533589100785e-05
0.00031601707485122513
0.0
0.0
0.0
0.0
0.0
0.0
0.00010863086948010863
0.0
0.0
0.0
0.0
0.0
0.0006913240121506107
0.0002666394069057212
0.0
0.0
0.0
0.0
0.0005557702842779419
0.0021688596459627004
0.0
0.0
0.000365394742796729
0.0
0.0
0.0
0.00034564367561852746
0.0
0.0
0.0
0.0
6.828627280113582e-19
0.0
0.0
0.0
0.0
0.0
0.0
0.0
0.0
0.0009217653495341477
0.0
0.0
0.0
0.0004879934203416076
0.0
0.0007997669944487457
0.0021688596459627004
0.0
0.0
0.0
0.0
0.0
0.0
0.0
0.0
0.0
0.0011115405685558839
0.0
0.0
0.00028639047408392275
0.0
0.0
0.0
0.0018977521902173629
0.0
0.0009353207223214145
0.0
0.0
0.0
0.0
0.0
0.0
0.00023701280613841884
0.0012335389236412858
0.0
0.0028466282853260444
0.0
0.0
0.0
0.0005925320153460471
0.0
0.0
0.00021726173896021727
0.0
0.0
0.0
0.0003357681420294267
0.0009082099767468807
0.0
0.0
0.0020333059180900315
0.0
0.0
0.0
0.0
0.0
0.0
0.0
0.0
0.0
0.00011850640306920942
0.000881099231172347
0.0
0.0
0.0
0.0
0.0007591008760869451
0.0021688596459627004
0.0009759868406832152
0.0
0.00044732730197980696
0.0
0.0
0.0006371025210015432
0.0
0.0
0.0016266447344720253
0.0
0.0
0.0
0.0
0.0
0.0
0.0
0.0004879934203416076
0.0
0.0008946546039596139
0.0
0.0
0.0014910910065993564
0.0006616607504697525
0.0
0.0
0.0
0.0
0.0
0.0012335389236412858
0.0
0.0
0.0
0.0
0.0
0.0
0.0005286595387034082
0.0
0.0013284265331521539
0.0
0.0
0.0
0.0
0.0003524396924689388
0.0
0.0
0.005422149114906751
0.0011115405685558839
0.0
0.0012877604147903533
0.0
0.0
0.0
0.0
0.0
0.0
0.0
0.00034564367561852746
0.0
0.0
0.0
0.0
0.0
0.0
0.0006777686393633439
0.0005135277466332408
0.0
0.0011115405685558839
0.0
0.0
0.0
0.0014910910065993564
0.0
0.0
0.0005015487931288744
0.0
0.0
0.0
0.0
0.0008268777400232795
0.0
0.0
0.0
0.00046088267476707384
0.0
0.0
0.0014910910065993564
8.492958886626674e-05
0.0
0.0
0.0005557702842779419
0.0
0.0
0.0005693256570652089
0.0013013157875776202
0.0
0.0
0.0
0.0
0.0
0.0
0.00033888431968167194
0.0
0.0005925320153460471
0.0
0.0
0.0013419819059394208
0.0002439967101708038
0.000138257470247411
0.005693256570652089
0.0
0.0010437637046195496
0.0
0.0
0.0
0.0
9.678022917318769e-05
0.0
0.0
0.0012606496692158197
0.0
0.0
0.00046088267476707384
0.0
0.0
0.0
0.0007997669944487457
0.0
0.0006024075489351479
0.0005964364026397426
0.00033888431968167194
4.542745450986361e-05
0.0
0.0
0.0
0.0
0.0
0.0
0.0
0.0
0.0014910910065993564
0.0010030975862577488
0.0
0.0
0.0
0.00032532894689440506
0.0
0.0
0.0
0.0013013157875776202
4.8390114586593844e-05
0.0
0.0005151041659161413
0.0
0.003524396924689388
0.0
0.0009895422134704821
0.0
0.0
0.0
0.0
0.00018763513819291492
0.0
0.0
0.0
0.0003659950652562057
0.0
0.0
1.5800853742561257e-05
0.0
0.0
0.0
0.0009353207223214145
0.0
0.0
0.0
0.0009217653495341477
0.0
0.0
0.0
0.0
0.0
0.0
0.0
0.0
0.0
0.0
0.0
0.0
0.0
0.0
0.0
0.0
0.0
0.0
0.0
0.0
0.0
6.828627280113582e-19
0.00010863086948010863
0.0
0.0007048793849378776
0.0
0.0
0.0
0.0
0.0
0.0
0.00046088267476707384
0.0
0.0
0.0025755208295807066
0.0007184347577251445
0.0
0.0025755208295807066
0.00014813300383651178
0.0
0.0
0.0013555372787266878
0.0008133223672360127
0.0
0.0
0.0
0.0
0.0
0.0
0.0004066611836180063
0.0
0.0
0.004066611836180063
0.00016788407101471335
0.004744380475543407
0.0
0.0009488760951086814
0.0
0.0
0.0
0.0006506578937888101
0.0
0.003931058108307395
0.0
0.0
0.005151041659161413
0.0
0.0
0.0
0.0014910910065993564
0.0
0.0
0.0
0.0
0.0
0.0
0.0
0.00015800853742561257
0.0
0.0
0.0
0.0
0.0
0.0
0.0
0.0
0.0
0.0
0.0
0.0
0.0
0.0
0.0
0.0
0.00034564367561852746
0.0
0.0
0.0
0.003659950652562057
0.000881099231172347
0.0
0.0
0.0
0.0
0.0
0.0
2.9626600767302354e-05
0.0007591008760869451
0.0
0.0
0.0
0.004337719291925401
0.0
0.0
0.00028466282853260443
0.0002982182013198713
0.0
0.004744380475543407
0.0
0.0
0.0
0.0
0.0009759868406832152
0.0
0.0
0.0
0.004608826747670739
0.0
0.0
0.0
0.0023044133738353693
0.00031601707485122513
0.0
0.0
0.0
0.0
0.0
0.0028466282853260444
0.0
0.0
0.0
0.0010844298229813502
0.0
0.004473273019798069
0.0
0.0010166529590450158
0.0
0.0
0.0
0.0
0.0
0.0
0.0
0.0
0.0
0.001762198462344694
0.0
0.0
0.0
0.0
0.0
0.0
0.0009353207223214145
0.0
0.0
0.0
0.0
0.0
0.0
0.0
0.0
0.0
0.0
0.0
0.0
0.0
0.0
0.0
0.0
0.0
0.0
0.0
0.0
0.007048793849378776
0.0
0.0
0.0
0.0
0.0
0.0
0.0
0.0
0.0
0.0
0.0
0.0
0.0
0.0
0.0
0.0
0.0
0.0
0.0
0.0
0.0
0.0
0.0
0.0
0.0
0.0003659950652562057
0.0
0.0
0.0
0.0
0.0
0.0
0.0
0.0
0.0
0.0
0.0
0.0
0.0
0.0
0.0
0.0
0.0
0.0
0.0
0.0
0.0
0.0
0.0
0.0
0.0
0.0
0.0
0.0
0.0
0.0
0.0
0.0
0.0
0.0
0.0
0.0
0.0
0.0
0.0
0.0
0.0
0.0
0.0
0.0
0.0
0.0
0.0
0.0
0.0
0.0
0.0
0.0
0.0
0.0
0.0
0.0
0.0
0.0
0.0
0.0
0.0
0.0
0.0
0.0
0.0
0.0
0.0
0.0
0.0
0.0
0.0
0.0
0.0
0.0
0.0034278981120217057
0.0
0.0
0.0
0.0
0.0
0.0
0.0
0.0
0.0
0.0
0.0
0.0
0.0
0.0
0.0
0.0
0.0
0.0
0.0
0.0
0.0
0.0
0.0
0.0
0.0
0.0
0.0
0.0
0.0
6.828627280113582e-19
0.0
0.0
0.0
0.0
0.0
0.0
0.0
0.0
0.0
0.0
0.0
0.0
0.0
0.0
0.0
0.0
0.0
0.0
0.0
0.0
0.0
0.0
0.0
0.0
0.0
0.0
0.0
0.0
0.0
0.0
0.0
0.0
0.0
0.0
0.0
0.0
0.0
0.0
0.0
0.0
0.0
0.0
0.0
0.0
0.0
0.0
0.0
0.0
0.0
0.0
0.0
0.0
0.0
0.0
0.0
0.0
0.0
0.0
0.0
0.0
0.0
0.0
0.0
0.0
0.0
0.0
0.0
0.0
0.0
0.0
0.0
0.0
0.0
0.0
0.0
0.0
0.0
0.0
0.0
0.0
0.0
0.0
0.0
0.0
0.0
0.0
0.0
0.0
0.0
0.0
0.0
0.0
0.0
0.0
0.0
0.0
0.0
0.0
0.0
0.0
0.0
0.0
0.0
0.0011386513141304177
0.0007319901305124114
0.0
0.0
0.0
0.0
0.0
0.0
0.0
0.0005693256570652089
0.0
0.0
0.0
0.0
0.0
0.0
0.0
0.0
0.0
0.0
0.0
0.0
0.0
0.0009353207223214145
0.0
0.0
0.0
0.0
0.0
0.0
0.0
0.0
0.0
0.0
0.0
0.0
0.0
0.0
0.0
0.0
0.0
0.0
0.0
0.0
0.0
0.0
0.0
0.0
0.0
0.0
0.0
0.0
0.0
0.0
0.0
0.0
0.0
0.0
0.0
0.0
0.0
0.0
0.0
0.0
0.0
0.0
0.0
0.0
0.0
0.0
0.0
0.0
0.0
0.0
0.0
0.0
0.0
0.0
0.0
0.0
0.0
0.0
0.0
0.0
0.0
0.0
0.0
0.0
0.0
0.0
-4.2678920500709886e-20
0.0
0.0
0.0
0.0
0.0
0.0
0.0
0.0
0.0
0.0
0.0
0.0
0.0
0.0
0.0
0.0
0.0
0.0
0.0
0.0
0.0
0.0
0.0
0.0
0.0
0.0
0.0
0.0
0.0
0.0
0.0
0.0
0.0
0.0
0.0
0.0
0.0
0.0
0.0
0.0
0.0
0.0
0.0
0.0
0.0
0.0
0.0
0.0
0.0
0.0
0.0
0.0
0.0
0.0
0.0
0.0
0.0
0.0
0.0
0.0
0.0
0.0
0.0
0.0
0.0
0.0
0.0
0.0
0.0
0.0
0.0
0.0
0.0
0.0
0.0
0.0
0.0
0.0
0.0
0.0
0.0
0.0
0.0
0.0
0.0
0.0
0.0
0.0
0.0
0.0
0.0
0.0
0.0
0.0
0.0
0.0
0.0
0.00023044133738353692
0.0004542745450986361
0.0
0.0
0.0
0.0
0.0
0.0
0.0
0.0
0.0
0.0
0.0
0.0
0.0
0.0
0.0
0.0
0.004066611836180063
0.0
0.0
0.0
0.0
0.0
0.0
0.0
0.0
0.0
0.0
0.0
0.0
0.0
0.0
0.0
0.0
0.0
0.0
0.0
-4.2678920500709886e-20
0.0
0.0
0.0
0.0
0.0
0.0
0.0
0.0
0.0
0.0
0.0
0.0
0.0
0.0
0.0
0.0
6.828627280113582e-19
0.0
0.0
0.0
-8.535784100141977e-20
0.0
0.0
0.0
0.0
0.0
0.0
0.0
0.0
0.0
0.0
0.0
0.0
0.0
0.0
0.0
0.0
0.0
0.0
0.0
0.0
0.0
0.0
0.0
0.0
0.0
0.0
0.0
0.0
0.0
0.0
0.0
0.0
0.0
0.0
0.0
0.0
0.0
0.0
0.0
0.0
0.0
0.0
0.0
0.0
0.0
0.0
0.0
0.0
0.0
0.0
0.0
0.0
0.0
0.0
0.0
0.0
0.0
0.0
0.0
0.0
0.0
0.0
0.0
0.0
0.0
0.0
0.0
0.0
0.0
0.0
0.0
0.0
0.0
0.0
0.0
0.0
0.0
0.0
0.0
0.0
0.0
0.0
0.0
0.0
0.0
0.0
0.0
0.0
0.0
0.0
0.0
0.0
0.0
0.0
0.0
0.0
0.0
0.0
0.0
0.0
0.0
0.0
0.0
0.0
0.0
0.0
0.0
0.0
0.0
0.0
-8.535784100141977e-20
0.0
0.0
0.0
0.0
0.0
0.0
0.0
0.0
0.0
0.0
0.0
0.0
0.0
0.0
0.0
0.0
0.0
0.0
0.0
0.0
0.0
0.0
0.0
0.0
6.828627280113582e-19
0.0
0.0
0.0
0.0
0.0
0.0
0.0
0.0
0.0
0.0
0.0
0.0
0.0
0.0
0.0
0.0
0.0
0.0
0.0
0.0
0.0005286595387034082
0.0
0.0
0.0
0.0
0.0
0.0
0.0
0.0
0.0
0.0
0.0
0.0
0.0
0.0
0.0
0.0
0.0
0.0
0.0
0.0
0.0
0.0
0.0
0.0
0.0
0.0
0.0
0.0
0.005693256570652089
0.0
0.0
0.0
0.0027110745574533755
9.875533589100785e-05
0.0
0.009488760951086814
0.0
0.0
0.0
0.0
0.0
0.0
0.0
0.0
0.0
0.0
0.0
0.0033888431968167195
0.0
0.00029626600767302357
0.0
0.0
0.0
0.0
0.00016788407101471335
0.0
0.0
0.004202165564052732
0.0
0.0002982182013198713
0.0
0.0002567638733166204
0.0
0.00015800853742561257
0.0
0.0
0.0
0.0
0.0
0.0
0.0
0.0
0.0
0.0
0.0005693256570652089
0.0
0.0
0.0
0.00035551920920762827
0.0
0.0
0.00015800853742561257
0.0
0.0
0.0
0.0
0.0011386513141304177
0.0005015487931288744
0.0
0.0
0.0
0.0
0.0
0.0007319901305124114
0.0
0.0
0.0
0.0
0.0
0.0
0.0
0.0
0.0
0.0
0.0
0.0
0.0
0.0007591008760869451
0.0
7.307894855934581e-05
0.0
0.0
0.0
0.0002567638733166204
0.0
0.0
0.0
0.00027110745574533755
0.0
0.0
0.0
0.0
0.0
0.0
0.0
6.91287351237055e-05
0.0
0.0010437637046195496
0.00016788407101471335
0.0
0.0
0.0
0.0
0.0
0.0
0.0
0.00014910910065993565
0.0
0.0
0.0
0.0
0.0
0.0
0.0
0.0003659950652562057
0.0
0.0
0.0
0.0
0.0
0.0
0.0
0.0
0.0
0.0
0.0
0.0
0.0
0.0
0.0
0.0
0.0
0.0
0.0
0.0
0.0
0.0
0.0
0.0
0.0
0.0
0.0
0.0
0.0006913240121506107
0.0
0.0
0.0
0.0
0.0
0.0
0.0
0.0
0.0
0.0
0.00020738620537111648
0.0
0.0
0.0
0.0
0.0
0.0
0.0
0.0
0.0
0.0
0.0
0.0
0.0
0.0
0.0
0.0
0.0
0.0
0.0
0.0
0.0
0.0
0.0
0.0
0.0
0.0
0.0
0.0
0.0
6.828627280113582e-19
0.0
0.0
0.0
0.0
0.0
0.0
0.0
0.0
0.0
0.0
0.0
0.0
0.0
0.0
0.0
0.0
0.0
0.00033888431968167194
0.0
0.0
0.0
0.0
0.00028639047408392275
0.0
0.0
0.0
0.0
0.0
0.0
0.0
0.0
0.0
0.0
0.0
0.0
0.0
0.0
0.0
0.0
0.0
0.0
0.0
0.0001762198462344694
0.0
0.0
0.0
0.00018763513819291492
0.0
0.0
0.0
0.0
0.0
0.0
0.0
0.0
0.0
0.0
3.061415412621243e-05
0.0
0.0
0.0
0.0
0.0
0.0
0.0
0.0
0.0
0.0
0.0
0.0
0.0
0.0
0.0
0.0
0.0004202165564052732
0.0
0.0
0.00018763513819291492
0.0008539884855978132
0.0
0.0
0.0
0.0008133223672360127
0.0
0.000138257470247411
0.0
0.0
0.0
0.0
0.0
0.0
0.0
0.0
0.0
0.0
0.0
0.0007591008760869451
0.0016266447344720253
0.0
0.0
0.0
0.0
0.0
0.0
0.0
0.0
0.0
0.0
0.0
0.0
0.0
0.0
0.0
0.0
0.0004337719291925401
0.0
0.0
0.0
0.0
0.0
0.0
0.0
0.0
0.003931058108307395
0.0
0.0
0.0
0.0
0.0
0.0
0.0
0.0
0.0
0.0
0.0012470942964285527
0.0
0.0
0.0
0.0
0.0
0.0
0.0004066611836180063
0.0
0.0
0.0
0.0
0.0
0.00037955043804347257
0.0
0.0
0.0
0.0
0.0
0.0
0.0
0.0
3.061415412621243e-05
0.0
0.0
0.0
0.0004066611836180063
0.00022713727254931805
0.0
0.0
0.0
0.0
0.0
0.0
0.0
0.0
0.0
0.0
0.0
0.0
0.0
0.0
0.0001283819366583102
0.0
0.0
0.0
0.0
0.0
0.0
0.0
0.0
0.0
0.0
0.0
0.0
0.0
0.0
0.0
0.0
0.0
0.0004202165564052732
0.0
0.0
0.0
0.0
9.480512245536753e-05
0.0
0.00021688596459627004
0.0003117735741071382
0.0
0.0002439967101708038
0.0
0.0
0.0
0.00017775960460381413
0.0
0.0
0.0
0.0
2.8639047408392277e-05
0.0
0.0
0.0
0.0
0.0
0.0
0.0
0.0007048793849378776
0.0
0.0012606496692158197
0.0
0.0
0.0
0.0
0.0
0.0
0.0
0.0
0.0
0.0
0.0
0.0
0.0
0.0
0.0
0.0
0.0006642132665760769
0.0005015487931288744
0.0
0.0004246479443313337
0.0
0.0
0.0002982182013198713
0.0
0.0
0.0
0.00011850640306920942
0.0
0.0
0.00044732730197980696
0.0
0.0
0.0
0.0
0.0
0.0
0.0
0.0007997669944487457
0.0
0.0
0.0020333059180900315
0.0
0.0006371025210015432
0.0
0.0
0.0
0.0
0.0
0.0
0.0002575520829580707
0.0
0.0
0.0
0.0
0.0
0.0
0.0
0.0
0.0
0.0
0.004608826747670739
0.0
3.851458099749306e-05
0.0
0.0
0.0
0.0
0.0
0.0
0.0
0.0
0.0
0.0
0.0
0.0
9.085490901972722e-05
0.0
0.0
0.0
0.0
0.0
8.789224894299699e-05
0.00018763513819291492
0.0
0.0
0.0
0.0
0.0
0.0
0.0006642132665760769
0.0
0.0
0.0
0.0
0.0
0.0
0.0
0.0
0.0
0.0
0.0
0.0
0.0
0.0
0.0
0.0
0.0
0.0002982182013198713
0.0
0.0
0.0
0.0
0.0
0.0
0.0
0.0
0.0
0.0
0.0
0.0
0.0
0.0
0.0
0.0
0.0
0.0
0.0
7.604160863607604e-05
0.000138257470247411
0.0
0.00032532894689440506
0.0
0.013555372787266878
0.0
2.370128061384188e-05
0.0
0.0
0.0
0.0
0.0
0.0
0.0
0.0
0.0
0.0
0.0
0.0
0.0
0.0
0.0
0.00046088267476707384
0.0
0.0
0.0
0.0
0.008946546039596139
0.0
0.0
0.0
0.0
0.0006235471482142764
0.0
0.0
0.0
0.0
0.0
0.0
0.0
3.061415412621243e-05
0.0
0.00028466282853260443
0.0
0.0
0.0
0.0007591008760869451
0.0
0.0
0.0
0.0
0.0
0.0
0.0
0.0001283819366583102
0.0
0.0
0.0005828810298524757
0.0
0.0
0.0
0.0
0.00046088267476707384
0.0
0.0
0.0
0.0
0.0
0.0
0.0
0.0
0.0
0.0
0.0
0.0
0.0
0.0
0.0
0.0
0.0
0.0
0.0
0.0004879934203416076
0.0
0.0
0.0
0.0
0.00011850640306920942
0.0
0.0
0.0
0.0
0.0
0.0
0.0
0.0
0.0
0.0
0.0
0.0
0.0
0.0
0.0
0.0001283819366583102
0.0
0.0
0.0
0.0
0.0
0.0
0.0
0.0
0.0
0.00031601707485122513
0.0
0.0012470942964285527
0.0007862116216614789
0.0
5.431543474005432e-05
0.0
0.0
0.0
0.0
0.0
0.0
0.0005693256570652089
0.0
0.0
0.00018977521902173629
0.00016788407101471335
0.0
0.0
0.00037527027638582983
0.0
0.0
0.0
0.0007591008760869451
0.0
0.0
0.0
0.0
0.0
0.0
0.0
0.0
0.0
0.0
0.0
0.0
0.0
0.0
0.0
0.0
0.0
0.0
0.0
0.0
0.0
0.0
0.0
0.0
0.0
0.0
0.0
0.0
0.0
2.370128061384188e-05
9.381756909645746e-05
0.0
0.0
0.0002567638733166204
0.0
0.0
0.0
0.0
0.0
0.0
0.0
0.0
0.0
0.0
0.0
1.3657254560227164e-18
0.0
0.0
0.00028466282853260443
0.0005422149114906751
0.0
0.0
0.0
0.0
0.0
0.0
0.0
0.0
0.0
0.0
0.0
0.0
0.0
0.0
0.0
0.0
0.0
0.0
0.0
0.0002982182013198713
0.0
0.0
0.0
0.0
0.0
0.0
0.0
0.0
0.0
0.0
0.0
0.0004744380475543407
0.0
0.0
0.0
0.0
0.0
0.0
0.0
0.0
0.0
0.0
0.0
0.0
0.0
0.0
0.0004202165564052732
0.0
0.0
0.0
0.0
0.0
0.0
0.0
0.0
0.0
0.0
0.0
0.0
0.0
0.0
0.0
0.0
0.0
0.0
0.0
0.0
0.0
0.0
0.0
0.0
0.0
0.00047402561227683767
0.0
0.0
0.0
0.0
0.0
0.0
0.0
0.0
0.0
0.0
0.0
0.0
0.0
0.0
0.0
0.0
0.0
0.0
0.0
0.0
0.0
0.0
0.0
0.0
0.0
0.0
0.0
0.0
0.00016788407101471335
0.0
0.0
0.0
0.0032532894689440506
0.0
0.0
0.0
0.0
7.604160863607604e-05
0.0
0.0
0.0
0.0
0.0
0.0
0.0
0.0
0.0
0.0
0.0
0.0
0.0
0.0
0.0
0.00037955043804347257
0.0
0.0
0.0
0.0
0.0
0.0
0.0
0.0
0.0
0.0
0.000138257470247411
0.0
0.0002982182013198713
0.0002439967101708038
0.0
0.0
0.00039310581083073945
0.0005015487931288744
0.00016266447344720253
0.0
0.0
0.0
6.221586161133495e-05
0.0
0.00016788407101471335
0.0
0.0
0.0
0.0
0.0
0.0
0.0
0.0
0.0
0.0
0.0
9.381756909645746e-05
0.0
0.0
0.0
0.0
0.0
0.0
0.0
0.0
0.0
0.0
0.0
0.0
0.0
0.0
0.0
0.0
0.0
0.0
0.0
0.0
0.0
0.0
0.0
0.0
0.0
0.0
0.0
0.0
0.0
0.0
0.0
0.0
0.0
0.0
0.0
0.0
0.0
0.0
0.0
0.0
0.0
0.0
0.0
0.0
0.0
0.0
0.0
0.0
0.0
-8.535784100141977e-20
0.0
0.0
0.0
0.0
0.0
0.0
0.0
0.0
0.0
0.0
0.0
0.0
0.0
0.0
0.0
0.0
0.0
0.0
0.0
0.0
0.0
0.0
0.0
0.0
0.0
0.0
0.0
0.0
0.0
0.0
0.0
0.0
0.0
0.0
0.0
0.0
0.0
0.0
0.0
0.0
0.0
0.0
0.0
0.0
0.0
0.0
0.0
0.0
0.0
0.0
0.0
0.0
0.0
0.0
0.0
0.0
0.0
0.0
0.0
0.0
0.0
0.0
0.0
0.0
0.0
0.0
0.0
0.0
0.0
2.8639047408392277e-05
0.0004066611836180063
0.00018763513819291492
0.0
0.0
0.0
0.0
0.0
0.0
0.0025755208295807066
0.0
0.0031177357410713817
0.00011850640306920942
0.0
0.0
0.00031601707485122513
0.0
0.0
0.0
0.0
5.7278094816784554e-05
0.00017775960460381413
0.0
0.0
0.0
0.004066611836180063
0.0037955043804347257
0.0
0.0014910910065993564
0.0055577028427794195
0.0
0.0
0.0
0.0
0.0
0.0
0.0004066611836180063
0.0018977521902173629
0.0
0.0
0.003659950652562057
0.0
0.0
0.0
0.0
0.0
0.0
0.0
